Date;Time;Global_active_power;Global_reactive_power;Voltage;Global_intensity;Sub_metering_1;Sub_metering_2;Sub_metering_3
17/12/2006;11:20:00;1.676;0.312;235.590;7.200;1.000;0.000;17.000
17/12/2006;11:21:00;2.492;0.310;234.990;11.400;12.000;1.000;17.000
17/12/2006;11:22:00;3.828;0.288;234.290;16.400;37.000;1.000;17.000
17/12/2006;11:23:00;3.822;0.262;234.720;16.200;37.000;0.000;16.000
17/12/2006;11:24:00;3.834;0.254;235.270;16.200;37.000;1.000;17.000
17/12/2006;11:25:00;3.810;0.248;235.190;16.200;37.000;0.000;17.000
17/12/2006;11:26:00;3.824;0.244;234.830;16.200;37.000;0.000;17.000
17/12/2006;11:27:00;3.838;0.226;235.060;16.200;37.000;0.000;17.000
17/12/2006;11:28:00;3.844;0.230;234.720;16.400;37.000;1.000;17.000
17/12/2006;11:29:00;3.824;0.250;234.490;16.200;37.000;0.000;17.000
17/12/2006;11:30:00;3.844;0.208;234.820;16.400;37.000;1.000;17.000
17/12/2006;11:31:00;3.880;0.146;234.730;16.400;37.000;2.000;17.000
17/12/2006;11:32:00;4.004;0.162;236.290;16.800;37.000;5.000;17.000
17/12/2006;11:33:00;3.784;0.124;235.970;16.000;38.000;0.000;17.000
17/12/2006;11:34:00;3.784;0.104;236.200;16.000;37.000;1.000;17.000
17/12/2006;11:35:00;3.792;0.104;237.090;16.000;37.000;0.000;17.000
17/12/2006;11:36:00;2.146;0.192;236.810;9.800;11.000;0.000;17.000
17/12/2006;11:37:00;1.608;0.208;237.060;6.800;0.000;0.000;17.000
17/12/2006;11:38:00;1.828;0.212;237.830;7.600;0.000;0.000;18.000
17/12/2006;11:39:00;1.922;0.212;237.670;8.000;0.000;0.000;17.000
17/12/2006;11:40:00;1.978;0.252;237.940;8.400;0.000;0.000;17.000
17/12/2006;11:41:00;1.930;0.218;238.080;8.000;1.000;0.000;18.000
17/12/2006;11:42:00;1.964;0.222;239.490;8.200;0.000;1.000;17.000
17/12/2006;11:43:00;1.854;0.224;240.690;7.600;0.000;0.000;18.000
17/12/2006;11:44:00;1.762;0.228;240.310;7.400;0.000;0.000;18.000
17/12/2006;11:45:00;1.738;0.218;239.630;7.200;0.000;0.000;17.000
17/12/2006;11:46:00;1.766;0.228;240.770;7.400;0.000;0.000;18.000
17/12/2006;11:47:00;1.746;0.234;240.590;7.200;0.000;0.000;18.000
17/12/2006;11:48:00;1.734;0.236;239.630;7.200;0.000;1.000;17.000
17/12/2006;11:49:00;1.738;0.252;239.290;7.200;0.000;0.000;18.000
20/12/2006;23:10:00;2.528;0.062;242.470;10.400;0.000;0.000;18.000
20/12/2006;23:11:00;2.524;0.060;242.200;10.400;0.000;0.000;18.000
20/12/2006;23:12:00;2.608;0.158;242.200;10.800;0.000;0.000;18.000
20/12/2006;23:13:00;2.590;0.164;241.880;10.600;0.000;0.000;18.000
20/12/2006;23:14:00;2.596;0.164;242.220;10.600;0.000;0.000;18.000
20/12/2006;23:15:00;2.598;0.166;242.350;10.600;0.000;0.000;18.000
20/12/2006;23:16:00;2.598;0.166;242.440;10.600;0.000;0.000;18.000
20/12/2006;23:17:00;2.592;0.164;242.190;10.600;0.000;0.000;18.000
20/12/2006;23:18:00;2.558;0.118;242.160;10.600;0.000;0.000;18.000
20/12/2006;23:19:00;2.498;0.000;242.280;10.200;0.000;0.000;18.000
20/12/2006;23:20:00;2.496;0.000;242.180;10.200;0.000;0.000;18.000
20/12/2006;23:21:00;2.492;0.000;241.990;10.200;0.000;0.000;18.000
20/12/2006;23:22:00;2.488;0.000;242.320;10.200;0.000;0.000;18.000
20/12/2006;23:23:00;2.432;0.074;242.550;10.000;0.000;0.000;18.000
20/12/2006;23:24:00;2.412;0.074;241.980;9.800;0.000;0.000;18.000
20/12/2006;23:25:00;2.368;0.070;242.260;9.800;0.000;0.000;18.000
20/12/2006;23:26:00;2.310;0.054;242.540;9.400;0.000;0.000;18.000
20/12/2006;23:27:00;2.284;0.046;242.290;9.400;0.000;0.000;18.000
20/12/2006;23:28:00;2.268;0.046;241.420;9.400;0.000;0.000;18.000
20/12/2006;23:29:00;2.288;0.000;242.490;9.400;0.000;0.000;18.000
20/12/2006;23:30:00;2.288;0.000;242.490;9.400;0.000;0.000;18.000
20/12/2006;23:31:00;2.288;0.046;242.240;9.400;0.000;0.000;18.000
20/12/2006;23:32:00;1.898;0.000;242.910;7.800;0.000;0.000;18.000
20/12/2006;23:33:00;2.216;0.000;242.060;9.000;0.000;0.000;18.000
20/12/2006;23:34:00;2.172;0.164;241.840;9.000;0.000;0.000;17.000
20/12/2006;23:35:00;2.326;0.152;242.690;9.600;0.000;0.000;18.000
20/12/2006;23:36:00;2.282;0.142;242.020;9.400;0.000;0.000;18.000
20/12/2006;23:37:00;2.168;0.138;241.190;9.000;0.000;0.000;18.000
20/12/2006;23:38:00;2.170;0.140;241.390;9.000;0.000;0.000;18.000
20/12/2006;23:39:00;2.178;0.142;241.870;9.000;0.000;0.000;18.000
20/12/2006;23:40:00;2.198;0.150;243.040;9.000;0.000;0.000;18.000
21/12/2006;16:21:00;1.496;0.288;241.550;6.200;0.000;1.000;18.000
21/12/2006;16:22:00;1.508;0.182;241.000;6.200;0.000;2.000;18.000
21/12/2006;16:23:00;1.498;0.094;240.470;6.200;0.000;1.000;18.000
21/12/2006;16:24:00;1.358;0.094;240.550;5.600;0.000;2.000;17.000
21/12/2006;16:25:00;1.370;0.096;240.280;5.600;0.000;2.000;18.000
21/12/2006;16:26:00;1.346;0.090;239.950;5.600;0.000;1.000;18.000
21/12/2006;16:27:00;1.362;0.094;239.710;5.600;0.000;2.000;17.000
21/12/2006;16:28:00;1.352;0.092;240.740;5.600;0.000;1.000;18.000
21/12/2006;16:29:00;1.370;0.098;240.690;5.600;0.000;2.000;18.000
21/12/2006;16:30:00;1.350;0.092;240.690;5.600;0.000;1.000;18.000
21/12/2006;16:31:00;1.358;0.094;239.680;5.600;0.000;2.000;17.000
21/12/2006;16:32:00;1.328;0.086;238.830;5.400;0.000;1.000;18.000
21/12/2006;16:33:00;1.344;0.088;238.600;5.600;0.000;2.000;17.000
21/12/2006;16:34:00;1.316;0.082;237.850;5.400;0.000;1.000;17.000
21/12/2006;16:35:00;1.336;0.086;238.060;5.600;0.000;2.000;18.000
21/12/2006;16:36:00;1.320;0.084;238.330;5.400;0.000;1.000;17.000
21/12/2006;16:37:00;1.336;0.088;238.230;5.600;0.000;2.000;18.000
21/12/2006;16:38:00;1.316;0.084;238.230;5.400;0.000;1.000;17.000
21/12/2006;16:39:00;1.336;0.088;238.330;5.600;0.000;1.000;17.000
21/12/2006;16:40:00;1.328;0.086;239.380;5.400;0.000;2.000;18.000
21/12/2006;16:41:00;1.328;0.064;239.080;5.400;0.000;1.000;17.000
21/12/2006;16:42:00;1.246;0.000;238.320;5.200;0.000;0.000;18.000
21/12/2006;16:43:00;1.264;0.000;238.340;5.200;0.000;0.000;17.000
21/12/2006;16:44:00;1.248;0.000;238.690;5.200;0.000;0.000;18.000
21/12/2006;16:45:00;1.268;0.000;238.720;5.200;0.000;1.000;17.000
21/12/2006;16:46:00;1.250;0.000;238.840;5.200;0.000;0.000;18.000
21/12/2006;16:47:00;1.382;0.090;238.790;5.800;0.000;0.000;17.000
21/12/2006;16:48:00;1.368;0.088;238.300;5.600;0.000;0.000;17.000
21/12/2006;16:49:00;1.384;0.092;238.190;5.800;0.000;0.000;18.000
21/12/2006;16:50:00;1.364;0.086;238.270;5.600;0.000;0.000;17.000
21/12/2006;16:51:00;1.380;0.090;237.990;5.800;0.000;1.000;18.000
21/12/2006;16:52:00;1.360;0.086;237.780;5.600;0.000;0.000;17.000
21/12/2006;16:53:00;1.364;0.088;237.330;5.600;0.000;0.000;17.000
21/12/2006;16:54:00;1.376;0.092;238.400;5.800;0.000;0.000;18.000
21/12/2006;16:55:00;1.360;0.090;238.390;5.600;0.000;0.000;17.000
21/12/2006;16:56:00;1.382;0.092;238.230;5.800;0.000;0.000;17.000
21/12/2006;16:57:00;1.620;0.084;238.250;6.800;0.000;0.000;18.000
21/12/2006;16:58:00;1.512;0.090;238.240;6.200;0.000;1.000;17.000
21/12/2006;16:59:00;1.466;0.086;238.720;6.000;0.000;0.000;18.000
21/12/2006;17:00:00;1.530;0.092;239.010;6.400;0.000;0.000;17.000
21/12/2006;17:01:00;1.516;0.000;238.310;6.400;0.000;0.000;17.000
21/12/2006;17:02:00;1.308;0.000;239.140;5.400;0.000;0.000;18.000
21/12/2006;17:03:00;1.272;0.000;239.440;5.200;0.000;0.000;17.000
21/12/2006;17:04:00;1.270;0.000;237.980;5.200;0.000;1.000;18.000
21/12/2006;17:05:00;0.266;0.000;237.720;1.200;0.000;0.000;1.000
21/12/2006;17:06:00;0.306;0.000;237.460;1.400;0.000;0.000;0.000
21/12/2006;17:07:00;0.206;0.000;237.020;0.800;0.000;0.000;0.000
21/12/2006;17:08:00;0.252;0.000;236.790;1.200;0.000;0.000;0.000
21/12/2006;17:09:00;0.314;0.000;236.330;1.400;0.000;0.000;0.000
21/12/2006;17:10:00;0.478;0.054;235.470;2.200;0.000;1.000;0.000
21/12/2006;17:11:00;0.448;0.054;234.670;1.800;0.000;0.000;0.000
21/12/2006;17:12:00;0.470;0.062;235.680;2.000;0.000;0.000;0.000
21/12/2006;17:13:00;0.450;0.058;235.670;1.800;0.000;0.000;0.000
21/12/2006;17:14:00;0.682;0.198;234.630;3.600;0.000;0.000;0.000
21/12/2006;17:15:00;1.276;0.534;234.110;6.200;0.000;0.000;0.000
21/12/2006;17:16:00;1.278;0.532;233.790;6.200;0.000;1.000;0.000
21/12/2006;17:17:00;1.256;0.528;234.020;6.000;0.000;0.000;0.000
21/12/2006;17:18:00;1.174;0.404;234.130;5.800;0.000;0.000;0.000
21/12/2006;17:19:00;0.370;0.000;235.870;1.600;0.000;0.000;0.000
21/12/2006;17:20:00;0.450;0.000;235.670;2.000;0.000;0.000;0.000
21/12/2006;17:21:00;0.532;0.046;235.870;2.200;0.000;0.000;0.000
21/12/2006;17:22:00;1.068;0.048;234.520;5.000;0.000;1.000;6.000
21/12/2006;17:23:00;1.588;0.054;234.380;6.800;0.000;0.000;18.000
21/12/2006;17:24:00;1.574;0.054;234.100;6.600;0.000;0.000;17.000
21/12/2006;17:25:00;1.572;0.052;234.010;6.600;0.000;0.000;17.000
21/12/2006;17:26:00;1.592;0.000;234.660;6.800;0.000;0.000;17.000
21/12/2006;17:27:00;1.764;0.068;234.060;7.400;0.000;1.000;17.000
21/12/2006;17:28:00;1.756;0.064;234.010;7.400;0.000;0.000;17.000
21/12/2006;17:29:00;1.778;0.068;234.480;7.600;0.000;0.000;17.000
21/12/2006;17:30:00;1.760;0.076;234.220;7.400;0.000;0.000;17.000
21/12/2006;17:31:00;1.780;0.092;233.860;7.600;0.000;0.000;16.000
21/12/2006;17:32:00;1.768;0.090;234.530;7.400;0.000;0.000;17.000
21/12/2006;17:33:00;1.784;0.086;234.940;7.600;0.000;1.000;17.000
21/12/2006;17:34:00;1.764;0.068;235.530;7.400;0.000;0.000;17.000
21/12/2006;17:35:00;1.782;0.072;235.570;7.400;0.000;0.000;17.000
21/12/2006;17:36:00;1.796;0.068;235.430;7.600;0.000;0.000;17.000
21/12/2006;17:37:00;1.834;0.072;235.280;7.800;0.000;0.000;17.000
21/12/2006;17:38:00;1.596;0.128;235.110;6.800;0.000;0.000;17.000
21/12/2006;17:39:00;1.698;0.284;235.800;7.200;0.000;1.000;17.000
21/12/2006;17:40:00;1.926;0.270;235.140;8.200;0.000;0.000;17.000
21/12/2006;17:41:00;2.412;0.176;234.050;10.400;0.000;0.000;17.000
21/12/2006;17:42:00;2.684;0.126;233.410;11.400;0.000;0.000;17.000
21/12/2006;17:43:00;2.878;0.126;233.130;12.200;0.000;0.000;16.000
21/12/2006;17:44:00;2.792;0.126;233.300;11.800;0.000;0.000;17.000
21/12/2006;17:45:00;2.816;0.132;233.480;12.000;0.000;0.000;17.000
21/12/2006;17:46:00;2.798;0.130;233.610;12.000;0.000;0.000;17.000
21/12/2006;17:47:00;2.820;0.134;233.720;12.000;0.000;1.000;16.000
21/12/2006;17:48:00;3.102;0.344;234.790;13.400;0.000;0.000;17.000
21/12/2006;17:49:00;3.584;0.688;234.160;15.600;0.000;0.000;17.000
21/12/2006;17:50:00;3.504;0.664;232.490;15.400;0.000;0.000;17.000
21/12/2006;17:51:00;3.534;0.660;233.530;15.400;0.000;0.000;16.000
21/12/2006;17:52:00;3.092;0.338;233.730;13.400;0.000;0.000;17.000
21/12/2006;17:53:00;2.846;0.142;234.980;12.000;0.000;1.000;17.000
21/12/2006;17:54:00;2.828;0.138;234.430;12.000;0.000;0.000;17.000
21/12/2006;17:55:00;2.890;0.138;234.460;12.200;0.000;0.000;17.000
21/12/2006;17:56:00;2.868;0.138;234.120;12.200;0.000;0.000;17.000
21/12/2006;17:57:00;2.802;0.134;233.760;12.000;0.000;0.000;16.000
21/12/2006;17:58:00;2.820;0.138;233.720;12.000;0.000;1.000;17.000
21/12/2006;17:59:00;2.804;0.134;233.820;12.000;0.000;0.000;17.000
21/12/2006;18:00:00;2.864;0.134;233.140;12.200;0.000;0.000;17.000
21/12/2006;18:01:00;2.804;0.136;233.880;12.000;0.000;0.000;16.000
21/12/2006;18:02:00;2.828;0.140;234.060;12.000;0.000;0.000;17.000
21/12/2006;18:03:00;2.550;0.000;234.820;10.800;0.000;0.000;17.000
21/12/2006;18:04:00;2.490;0.000;233.780;10.600;0.000;1.000;17.000
21/12/2006;18:05:00;2.390;0.000;234.220;10.200;0.000;0.000;17.000
21/12/2006;18:06:00;2.496;0.114;233.640;10.600;0.000;0.000;16.000
21/12/2006;18:07:00;2.618;0.182;234.080;11.200;0.000;0.000;17.000
21/12/2006;18:08:00;2.508;0.170;233.840;10.600;0.000;0.000;17.000
21/12/2006;18:09:00;2.490;0.166;234.110;10.600;0.000;0.000;17.000
21/12/2006;18:10:00;2.774;0.278;233.990;12.000;0.000;1.000;17.000
21/12/2006;18:11:00;2.496;0.170;234.770;10.600;0.000;0.000;16.000
21/12/2006;18:12:00;2.488;0.136;234.840;10.600;0.000;0.000;17.000
21/12/2006;18:13:00;2.466;0.072;235.190;10.400;0.000;0.000;17.000
21/12/2006;18:14:00;2.440;0.076;234.770;10.400;0.000;0.000;17.000
21/12/2006;18:15:00;2.436;0.078;234.320;10.400;0.000;0.000;17.000
21/12/2006;18:16:00;2.428;0.074;234.500;10.200;0.000;1.000;17.000
21/12/2006;18:17:00;2.414;0.072;234.830;10.200;0.000;0.000;17.000
21/12/2006;18:18:00;2.426;0.074;234.380;10.200;0.000;0.000;17.000
21/12/2006;18:19:00;2.422;0.074;235.270;10.200;0.000;0.000;17.000
21/12/2006;18:20:00;2.432;0.076;234.750;10.200;0.000;0.000;17.000
21/12/2006;18:21:00;2.374;0.000;234.490;10.000;0.000;0.000;16.000
21/12/2006;18:22:00;2.384;0.048;234.390;10.000;0.000;1.000;17.000
21/12/2006;18:23:00;2.348;0.056;233.410;10.000;0.000;0.000;17.000
21/12/2006;18:24:00;3.640;0.402;232.290;16.000;0.000;0.000;16.000
21/12/2006;18:25:00;3.810;0.530;231.870;16.600;0.000;2.000;17.000
21/12/2006;18:26:00;3.804;0.526;232.460;16.600;0.000;1.000;17.000
21/12/2006;18:27:00;3.788;0.522;231.840;16.600;0.000;2.000;16.000
21/12/2006;18:28:00;3.778;0.516;232.250;16.400;0.000;1.000;17.000
21/12/2006;18:29:00;2.678;0.136;234.350;11.600;0.000;2.000;16.000
21/12/2006;18:30:00;2.542;0.060;234.760;10.800;0.000;2.000;17.000
21/12/2006;18:31:00;2.546;0.062;234.090;10.800;0.000;1.000;17.000
21/12/2006;18:32:00;2.634;0.056;233.900;11.200;0.000;2.000;17.000
21/12/2006;18:33:00;2.684;0.062;234.650;11.400;0.000;1.000;17.000
21/12/2006;18:34:00;2.638;0.054;233.220;11.200;0.000;2.000;16.000
21/12/2006;18:35:00;2.656;0.058;233.180;11.400;0.000;1.000;17.000
21/12/2006;18:36:00;2.714;0.052;233.050;11.600;0.000;2.000;17.000
21/12/2006;18:37:00;2.774;0.058;233.750;11.800;0.000;1.000;17.000
21/12/2006;18:38:00;2.760;0.054;234.070;11.800;0.000;2.000;16.000
21/12/2006;18:39:00;2.772;0.058;233.760;11.800;0.000;1.000;17.000
21/12/2006;18:40:00;2.710;0.054;233.750;11.600;0.000;2.000;17.000
21/12/2006;18:41:00;2.550;0.060;233.250;10.800;0.000;1.000;17.000
21/12/2006;18:42:00;1.984;0.052;233.350;8.400;0.000;2.000;16.000
21/12/2006;18:43:00;1.908;0.052;233.110;8.200;0.000;1.000;17.000
21/12/2006;18:44:00;1.796;0.050;233.630;7.600;0.000;1.000;17.000
21/12/2006;18:45:00;1.744;0.056;233.610;7.400;0.000;2.000;16.000
21/12/2006;18:46:00;1.810;0.140;233.450;7.800;0.000;1.000;17.000
21/12/2006;18:47:00;1.852;0.180;233.830;7.800;0.000;2.000;17.000
21/12/2006;18:48:00;1.828;0.176;233.890;7.800;0.000;1.000;17.000
21/12/2006;18:49:00;1.796;0.088;234.490;7.600;0.000;0.000;16.000
21/12/2006;18:50:00;1.754;0.062;233.740;7.400;0.000;0.000;17.000
21/12/2006;18:51:00;1.780;0.066;233.720;7.600;0.000;1.000;17.000
21/12/2006;18:52:00;1.926;0.062;234.050;8.200;0.000;0.000;17.000
21/12/2006;18:53:00;1.884;0.064;233.570;8.000;0.000;0.000;17.000
21/12/2006;18:54:00;1.766;0.064;234.160;7.400;0.000;0.000;16.000
21/12/2006;18:55:00;1.762;0.064;233.360;7.400;0.000;0.000;17.000
21/12/2006;18:56:00;1.766;0.066;233.500;7.400;0.000;1.000;17.000
21/12/2006;18:57:00;1.758;0.062;234.150;7.400;0.000;0.000;17.000
21/12/2006;18:58:00;1.806;0.076;235.130;7.600;0.000;0.000;16.000
21/12/2006;18:59:00;1.834;0.164;234.960;7.800;0.000;0.000;17.000
21/12/2006;19:00:00;1.818;0.132;234.270;7.800;0.000;0.000;17.000
21/12/2006;19:01:00;1.724;0.000;233.610;7.400;0.000;0.000;17.000
21/12/2006;19:02:00;1.748;0.000;233.930;7.400;0.000;1.000;17.000
21/12/2006;19:03:00;1.726;0.000;233.790;7.400;0.000;0.000;17.000
21/12/2006;19:04:00;1.742;0.000;233.570;7.400;0.000;0.000;16.000
21/12/2006;19:05:00;1.730;0.000;234.090;7.400;0.000;0.000;17.000
21/12/2006;19:06:00;1.754;0.000;234.030;7.400;0.000;0.000;17.000
21/12/2006;19:07:00;1.696;0.000;234.470;7.200;0.000;0.000;17.000
21/12/2006;19:08:00;1.712;0.052;236.100;7.200;0.000;1.000;17.000
21/12/2006;19:09:00;1.688;0.056;235.820;7.000;0.000;0.000;17.000
21/12/2006;19:10:00;1.936;0.000;234.910;8.200;0.000;0.000;17.000
21/12/2006;19:11:00;1.892;0.000;235.820;8.000;0.000;0.000;17.000
21/12/2006;19:12:00;1.694;0.054;235.400;7.200;0.000;0.000;17.000
21/12/2006;19:13:00;1.748;0.066;236.070;7.400;0.000;0.000;17.000
21/12/2006;19:14:00;1.956;0.126;234.790;8.200;0.000;1.000;17.000
21/12/2006;19:15:00;1.900;0.108;233.910;8.000;0.000;0.000;17.000
21/12/2006;19:16:00;1.864;0.106;233.370;8.000;0.000;0.000;16.000
21/12/2006;19:17:00;1.848;0.102;233.490;7.800;0.000;0.000;17.000
21/12/2006;19:18:00;1.898;0.114;235.540;8.000;0.000;0.000;17.000
21/12/2006;19:19:00;1.844;0.068;235.900;7.800;0.000;0.000;17.000
21/12/2006;19:20:00;2.286;0.050;236.040;9.600;0.000;1.000;17.000
21/12/2006;19:21:00;2.598;0.056;236.110;11.000;0.000;0.000;17.000
21/12/2006;19:22:00;2.142;0.048;236.700;9.000;0.000;0.000;17.000
21/12/2006;19:23:00;1.884;0.000;234.840;8.000;0.000;0.000;17.000
21/12/2006;19:24:00;2.128;0.000;234.180;9.000;0.000;0.000;17.000
21/12/2006;19:25:00;2.230;0.000;233.900;9.400;0.000;0.000;17.000
21/12/2006;19:26:00;2.320;0.134;233.800;9.800;0.000;1.000;17.000
21/12/2006;19:27:00;2.332;0.136;234.100;10.000;0.000;0.000;16.000
21/12/2006;19:28:00;2.320;0.134;234.740;9.800;0.000;0.000;17.000
21/12/2006;19:29:00;2.334;0.138;234.570;10.000;0.000;0.000;17.000
21/12/2006;19:30:00;2.316;0.136;234.780;9.800;0.000;0.000;17.000
21/12/2006;19:31:00;2.328;0.138;234.410;9.800;0.000;1.000;17.000
21/12/2006;19:32:00;2.318;0.134;235.000;9.800;0.000;0.000;17.000
21/12/2006;19:33:00;2.330;0.138;234.600;9.800;0.000;0.000;17.000
21/12/2006;19:34:00;2.448;0.128;233.500;10.400;0.000;0.000;16.000
21/12/2006;19:35:00;2.514;0.132;233.390;10.800;0.000;0.000;17.000
21/12/2006;19:36:00;2.292;0.130;233.680;9.800;0.000;0.000;17.000
21/12/2006;19:37:00;2.216;0.134;233.430;9.400;0.000;0.000;17.000
21/12/2006;19:38:00;2.018;0.142;234.760;8.600;0.000;0.000;16.000
21/12/2006;19:39:00;2.068;0.162;235.320;8.800;0.000;1.000;17.000
21/12/2006;19:40:00;2.136;0.082;234.560;9.000;0.000;0.000;17.000
21/12/2006;19:41:00;1.778;0.000;234.480;7.800;0.000;0.000;10.000
21/12/2006;19:42:00;1.246;0.000;236.440;5.200;0.000;0.000;0.000
21/12/2006;19:43:00;1.138;0.000;236.340;4.800;0.000;0.000;0.000
21/12/2006;19:44:00;1.108;0.000;234.800;4.800;0.000;0.000;0.000
21/12/2006;19:45:00;1.136;0.000;235.970;4.800;0.000;1.000;0.000
21/12/2006;19:46:00;1.126;0.000;237.330;4.800;0.000;0.000;0.000
21/12/2006;19:47:00;1.146;0.046;237.270;4.800;0.000;0.000;0.000
21/12/2006;19:48:00;1.128;0.000;238.140;4.800;0.000;0.000;0.000
21/12/2006;19:49:00;1.150;0.050;238.490;4.800;0.000;0.000;0.000
21/12/2006;19:50:00;1.126;0.046;238.080;4.800;0.000;0.000;0.000
21/12/2006;19:51:00;1.170;0.048;238.000;5.000;0.000;1.000;0.000
21/12/2006;19:52:00;3.210;0.092;236.190;15.000;19.000;0.000;0.000
21/12/2006;19:53:00;4.454;0.200;234.480;19.000;38.000;0.000;0.000
21/12/2006;19:54:00;4.242;0.226;234.160;18.000;37.000;0.000;0.000
21/12/2006;19:55:00;4.246;0.230;234.500;18.000;37.000;0.000;0.000
21/12/2006;19:56:00;4.340;0.286;234.590;18.400;38.000;0.000;0.000
21/12/2006;19:57:00;4.340;0.350;234.390;18.600;37.000;1.000;0.000
21/12/2006;19:58:00;4.414;0.384;234.500;18.800;38.000;0.000;0.000
21/12/2006;19:59:00;5.854;0.572;232.590;25.400;37.000;0.000;0.000
21/12/2006;20:00:00;5.406;0.512;233.130;23.400;37.000;0.000;0.000
21/12/2006;20:01:00;4.600;0.540;234.990;19.600;38.000;0.000;0.000
21/12/2006;20:02:00;4.620;0.502;235.810;19.600;38.000;1.000;0.000
21/12/2006;20:03:00;4.532;0.424;235.110;19.200;37.000;0.000;0.000
21/12/2006;20:04:00;3.388;0.614;235.770;15.000;5.000;0.000;0.000
21/12/2006;20:05:00;3.790;0.586;233.570;16.400;1.000;0.000;0.000
21/12/2006;20:06:00;3.962;0.568;233.860;17.200;1.000;0.000;0.000
21/12/2006;20:07:00;5.614;0.424;230.040;24.400;37.000;0.000;0.000
21/12/2006;20:08:00;5.296;0.346;228.910;23.200;35.000;1.000;0.000
21/12/2006;20:09:00;4.232;0.332;231.210;19.000;20.000;0.000;0.000
21/12/2006;20:10:00;1.938;0.254;233.980;8.400;0.000;0.000;0.000
21/12/2006;20:11:00;1.748;0.238;232.690;7.600;0.000;0.000;0.000
21/12/2006;20:12:00;1.764;0.242;232.610;7.600;0.000;0.000;0.000
21/12/2006;20:13:00;1.756;0.238;233.670;7.600;0.000;0.000;0.000
21/12/2006;20:14:00;1.770;0.240;233.230;7.600;0.000;1.000;0.000
21/12/2006;20:15:00;1.748;0.234;233.130;7.400;0.000;0.000;0.000
21/12/2006;20:16:00;1.770;0.238;233.400;7.600;0.000;0.000;0.000
21/12/2006;20:17:00;1.724;0.192;233.730;7.400;0.000;0.000;0.000
21/12/2006;20:18:00;1.678;0.112;233.240;7.200;0.000;0.000;0.000
21/12/2006;20:19:00;1.660;0.108;233.440;7.000;0.000;0.000;0.000
21/12/2006;20:20:00;1.670;0.112;232.560;7.200;0.000;1.000;0.000
21/12/2006;20:21:00;1.666;0.110;233.470;7.000;0.000;0.000;0.000
21/12/2006;20:22:00;1.692;0.112;233.630;7.200;0.000;0.000;0.000
21/12/2006;20:23:00;1.674;0.108;233.480;7.200;0.000;0.000;0.000
21/12/2006;20:24:00;1.704;0.114;234.450;7.200;0.000;0.000;0.000
21/12/2006;20:25:00;1.680;0.108;234.160;7.200;0.000;0.000;0.000
21/12/2006;20:26:00;1.702;0.114;234.650;7.200;0.000;1.000;0.000
21/12/2006;20:27:00;1.670;0.106;234.260;7.000;0.000;0.000;0.000
21/12/2006;20:28:00;1.628;0.094;234.890;6.800;0.000;0.000;0.000
21/12/2006;20:29:00;1.644;0.098;234.680;7.000;0.000;0.000;0.000
21/12/2006;20:30:00;1.622;0.094;234.650;6.800;0.000;0.000;0.000
21/12/2006;20:31:00;1.656;0.098;235.890;7.000;0.000;1.000;0.000
21/12/2006;20:32:00;1.634;0.094;235.710;6.800;0.000;0.000;0.000
21/12/2006;20:33:00;1.660;0.098;236.450;7.000;0.000;0.000;0.000
21/12/2006;20:34:00;1.694;0.094;236.630;7.200;0.000;0.000;0.000
21/12/2006;20:35:00;1.926;0.090;235.830;8.000;0.000;0.000;0.000
21/12/2006;20:36:00;1.688;0.092;235.890;7.000;0.000;0.000;0.000
21/12/2006;20:37:00;1.722;0.198;235.980;7.200;0.000;1.000;0.000
21/12/2006;20:38:00;1.720;0.212;236.150;7.200;0.000;2.000;0.000
21/12/2006;20:39:00;1.788;0.290;235.610;7.600;0.000;1.000;0.000
21/12/2006;20:40:00;2.128;0.382;234.820;9.200;0.000;1.000;0.000
21/12/2006;20:41:00;2.224;0.444;234.720;9.600;0.000;2.000;0.000
21/12/2006;20:42:00;2.240;0.452;236.120;9.600;0.000;1.000;0.000
21/12/2006;20:43:00;2.142;0.392;236.860;9.200;0.000;2.000;0.000
21/12/2006;20:44:00;2.116;0.310;236.140;9.200;0.000;1.000;0.000
21/12/2006;20:45:00;3.086;0.300;235.390;13.200;0.000;1.000;18.000
21/12/2006;20:46:00;3.328;0.294;234.960;14.200;0.000;2.000;17.000
21/12/2006;20:47:00;3.008;0.300;234.970;12.800;0.000;1.000;18.000
21/12/2006;20:48:00;2.814;0.294;234.380;12.000;0.000;1.000;17.000
21/12/2006;20:49:00;3.166;0.334;232.560;13.600;0.000;2.000;17.000
21/12/2006;20:50:00;2.682;0.304;233.730;11.800;0.000;1.000;16.000
21/12/2006;20:51:00;2.152;0.254;233.280;9.200;0.000;1.000;17.000
21/12/2006;20:52:00;2.164;0.258;233.970;9.200;0.000;2.000;17.000
21/12/2006;20:53:00;2.198;0.264;235.730;9.400;0.000;1.000;17.000
21/12/2006;20:54:00;2.402;0.262;236.010;10.200;0.000;1.000;17.000
21/12/2006;20:55:00;2.424;0.260;235.860;10.200;0.000;1.000;17.000
21/12/2006;20:56:00;2.400;0.176;236.410;10.200;0.000;2.000;17.000
21/12/2006;20:57:00;2.268;0.138;236.720;9.600;0.000;1.000;17.000
21/12/2006;20:58:00;2.224;0.140;236.810;9.400;0.000;1.000;18.000
21/12/2006;20:59:00;2.240;0.138;236.040;9.400;0.000;1.000;17.000
21/12/2006;21:00:00;2.314;0.140;236.560;9.800;0.000;2.000;17.000
21/12/2006;21:01:00;1.912;0.078;236.850;8.000;0.000;0.000;17.000
21/12/2006;21:02:00;1.858;0.000;237.070;7.800;0.000;0.000;17.000
21/12/2006;21:03:00;1.868;0.000;237.720;7.800;0.000;0.000;18.000
21/12/2006;21:04:00;1.934;0.000;237.290;8.000;0.000;0.000;17.000
21/12/2006;21:05:00;1.974;0.000;237.410;8.200;0.000;0.000;17.000
21/12/2006;21:06:00;1.982;0.000;237.950;8.200;0.000;0.000;18.000
21/12/2006;21:07:00;1.986;0.000;238.250;8.200;0.000;0.000;17.000
21/12/2006;21:08:00;1.980;0.000;237.910;8.200;0.000;0.000;17.000
21/12/2006;21:09:00;1.978;0.000;237.740;8.200;0.000;0.000;18.000
21/12/2006;21:10:00;1.918;0.000;236.630;8.000;0.000;0.000;17.000
21/12/2006;21:11:00;1.864;0.000;237.010;7.800;0.000;0.000;17.000
21/12/2006;21:12:00;1.876;0.000;237.760;7.800;0.000;0.000;17.000
21/12/2006;21:13:00;1.890;0.000;238.700;7.800;0.000;0.000;18.000
21/12/2006;21:14:00;1.884;0.000;238.320;7.800;0.000;0.000;17.000
21/12/2006;21:15:00;1.878;0.000;237.880;7.800;0.000;0.000;17.000
21/12/2006;21:16:00;1.872;0.000;237.550;7.800;0.000;0.000;18.000
21/12/2006;21:17:00;1.878;0.000;237.970;7.800;0.000;0.000;17.000
21/12/2006;21:18:00;1.682;0.000;238.050;7.000;0.000;0.000;17.000
21/12/2006;21:19:00;1.364;0.000;238.120;5.600;0.000;0.000;18.000
21/12/2006;21:20:00;1.406;0.088;237.470;5.800;0.000;0.000;17.000
21/12/2006;21:21:00;1.392;0.084;236.590;5.800;0.000;0.000;17.000
21/12/2006;21:22:00;1.402;0.088;237.720;5.800;0.000;0.000;18.000
21/12/2006;21:23:00;1.406;0.090;238.270;5.800;0.000;0.000;17.000
21/12/2006;21:24:00;1.400;0.088;237.810;5.800;0.000;0.000;17.000
21/12/2006;21:25:00;1.406;0.092;238.480;5.800;0.000;0.000;18.000
21/12/2006;21:26:00;1.440;0.116;238.560;6.000;0.000;0.000;17.000
21/12/2006;21:27:00;1.478;0.192;238.480;6.200;0.000;0.000;18.000
21/12/2006;21:28:00;1.480;0.194;238.760;6.200;0.000;0.000;17.000
21/12/2006;21:29:00;1.178;0.194;238.210;5.400;0.000;0.000;13.000
21/12/2006;21:30:00;0.428;0.204;238.880;2.000;0.000;0.000;0.000
21/12/2006;21:31:00;0.428;0.206;239.120;2.000;0.000;0.000;0.000
21/12/2006;21:32:00;0.410;0.206;239.080;1.800;0.000;0.000;0.000
21/12/2006;21:33:00;0.364;0.210;239.930;1.600;0.000;0.000;0.000
21/12/2006;21:34:00;0.362;0.208;239.390;1.600;0.000;0.000;0.000
21/12/2006;21:35:00;0.344;0.180;237.450;1.600;0.000;0.000;0.000
21/12/2006;21:36:00;0.220;0.000;237.300;1.000;0.000;0.000;0.000
21/12/2006;21:37:00;0.196;0.000;238.110;0.800;0.000;0.000;0.000
21/12/2006;21:38:00;0.194;0.000;238.220;0.800;0.000;0.000;0.000
21/12/2006;21:39:00;0.196;0.000;238.610;0.800;0.000;0.000;0.000
21/12/2006;21:40:00;0.196;0.000;238.520;0.800;0.000;0.000;0.000
21/12/2006;21:41:00;0.196;0.000;238.490;0.800;0.000;0.000;0.000
21/12/2006;21:42:00;0.196;0.000;238.610;0.800;0.000;0.000;0.000
21/12/2006;21:43:00;0.196;0.000;238.810;0.800;0.000;0.000;0.000
21/12/2006;21:44:00;0.194;0.000;237.880;0.800;0.000;0.000;0.000
21/12/2006;21:45:00;0.194;0.000;238.170;0.800;0.000;0.000;0.000
21/12/2006;21:46:00;0.196;0.000;238.460;0.800;0.000;0.000;0.000
21/12/2006;21:47:00;0.196;0.000;238.560;0.800;0.000;0.000;0.000
21/12/2006;21:48:00;0.196;0.000;238.820;0.800;0.000;0.000;0.000
21/12/2006;21:49:00;0.196;0.000;239.190;0.800;0.000;0.000;0.000
21/12/2006;21:50:00;0.196;0.000;239.910;0.800;0.000;0.000;0.000
21/12/2006;21:51:00;0.196;0.000;239.630;0.800;0.000;0.000;0.000
21/12/2006;21:52:00;0.196;0.000;239.250;0.800;0.000;0.000;0.000
21/12/2006;21:53:00;0.196;0.000;238.990;0.800;0.000;0.000;0.000
21/12/2006;21:54:00;0.196;0.000;239.230;0.800;0.000;0.000;0.000
21/12/2006;21:55:00;0.194;0.000;238.690;0.800;0.000;0.000;0.000
21/12/2006;21:56:00;0.196;0.000;239.540;0.800;0.000;0.000;0.000
21/12/2006;21:57:00;0.196;0.000;240.080;0.800;0.000;0.000;0.000
21/12/2006;21:58:00;0.196;0.000;239.380;0.800;0.000;0.000;0.000
21/12/2006;21:59:00;0.196;0.000;239.340;0.800;0.000;0.000;0.000
21/12/2006;22:00:00;0.294;0.070;239.080;1.400;0.000;0.000;0.000
21/12/2006;22:01:00;0.310;0.104;238.810;1.400;0.000;0.000;0.000
21/12/2006;22:02:00;0.308;0.108;239.590;1.400;0.000;0.000;0.000
21/12/2006;22:03:00;0.306;0.108;239.460;1.400;0.000;0.000;0.000
21/12/2006;22:04:00;0.302;0.108;239.610;1.200;0.000;0.000;0.000
21/12/2006;22:05:00;0.296;0.108;239.780;1.200;0.000;0.000;0.000
21/12/2006;22:06:00;0.294;0.108;240.000;1.200;0.000;0.000;0.000
21/12/2006;22:07:00;0.296;0.112;240.720;1.200;0.000;0.000;0.000
21/12/2006;22:08:00;0.294;0.112;240.980;1.200;0.000;0.000;0.000
21/12/2006;22:09:00;0.300;0.112;240.930;1.200;0.000;0.000;0.000
21/12/2006;22:10:00;0.300;0.114;241.260;1.200;0.000;0.000;0.000
21/12/2006;22:11:00;0.298;0.112;240.810;1.200;0.000;0.000;0.000
21/12/2006;22:12:00;0.298;0.114;241.440;1.200;0.000;0.000;0.000
21/12/2006;22:13:00;0.298;0.116;241.780;1.200;0.000;0.000;0.000
21/12/2006;22:14:00;0.372;0.190;241.190;1.800;0.000;0.000;0.000
21/12/2006;22:15:00;0.374;0.216;241.110;1.800;0.000;0.000;0.000
21/12/2006;22:16:00;0.314;0.132;241.740;1.400;0.000;0.000;0.000
21/12/2006;22:17:00;0.282;0.088;242.190;1.200;0.000;0.000;0.000
21/12/2006;22:18:00;0.282;0.090;242.680;1.200;0.000;0.000;0.000
21/12/2006;22:19:00;0.280;0.086;242.240;1.200;0.000;0.000;0.000
21/12/2006;22:20:00;0.276;0.084;241.530;1.200;0.000;0.000;0.000
21/12/2006;22:21:00;0.276;0.084;241.650;1.200;0.000;0.000;0.000
21/12/2006;22:22:00;0.238;0.000;241.790;1.000;0.000;0.000;0.000
21/12/2006;22:23:00;0.204;0.000;242.420;0.800;0.000;0.000;0.000
21/12/2006;22:24:00;0.204;0.000;242.510;0.800;0.000;0.000;0.000
21/12/2006;22:25:00;0.206;0.000;243.000;0.800;0.000;0.000;0.000
21/12/2006;22:26:00;0.208;0.000;244.080;0.800;0.000;0.000;0.000
21/12/2006;22:27:00;0.208;0.000;244.000;0.800;0.000;0.000;0.000
21/12/2006;22:28:00;0.206;0.000;244.090;0.800;0.000;0.000;0.000
21/12/2006;22:29:00;0.208;0.000;244.100;0.800;0.000;0.000;0.000
21/12/2006;22:30:00;0.206;0.000;243.490;0.800;0.000;0.000;0.000
21/12/2006;22:31:00;0.208;0.000;244.170;0.800;0.000;0.000;0.000
21/12/2006;22:32:00;0.206;0.000;243.800;0.800;0.000;0.000;0.000
21/12/2006;22:33:00;0.198;0.000;243.150;0.800;0.000;0.000;0.000
21/12/2006;22:34:00;0.198;0.000;242.780;0.800;0.000;0.000;0.000
21/12/2006;22:35:00;0.200;0.000;243.430;0.800;0.000;0.000;0.000
21/12/2006;22:36:00;0.202;0.000;244.500;0.800;0.000;0.000;0.000
21/12/2006;22:37:00;0.200;0.000;244.170;0.800;0.000;0.000;0.000
21/12/2006;22:38:00;0.200;0.000;243.690;0.800;0.000;0.000;0.000
21/12/2006;22:39:00;0.200;0.000;243.970;0.800;0.000;0.000;0.000
21/12/2006;22:40:00;0.210;0.000;244.390;1.000;0.000;0.000;0.000
21/12/2006;22:41:00;0.326;0.122;243.310;1.400;0.000;0.000;0.000
21/12/2006;22:42:00;0.314;0.120;243.290;1.400;0.000;0.000;0.000
21/12/2006;22:43:00;0.312;0.124;243.960;1.400;0.000;0.000;0.000
21/12/2006;22:44:00;0.312;0.126;244.400;1.400;0.000;0.000;0.000
21/12/2006;22:45:00;0.304;0.124;244.090;1.400;0.000;0.000;0.000
21/12/2006;22:46:00;0.302;0.124;244.210;1.400;0.000;0.000;0.000
21/12/2006;22:47:00;0.300;0.124;244.290;1.200;0.000;0.000;0.000
21/12/2006;22:48:00;0.300;0.124;244.240;1.200;0.000;0.000;0.000
21/12/2006;22:49:00;0.300;0.130;245.370;1.400;0.000;0.000;0.000
21/12/2006;22:50:00;0.350;0.184;245.540;1.800;0.000;0.000;0.000
21/12/2006;22:51:00;0.380;0.252;244.410;1.800;0.000;1.000;0.000
21/12/2006;22:52:00;0.382;0.256;245.140;1.800;0.000;1.000;0.000
21/12/2006;22:53:00;0.380;0.252;244.550;1.800;0.000;2.000;0.000
21/12/2006;22:54:00;0.382;0.254;244.820;1.800;0.000;1.000;0.000
21/12/2006;22:55:00;0.386;0.258;245.380;1.800;0.000;2.000;0.000
21/12/2006;22:56:00;0.360;0.214;244.920;1.600;0.000;1.000;0.000
21/12/2006;22:57:00;0.294;0.116;244.900;1.200;0.000;1.000;0.000
21/12/2006;22:58:00;0.286;0.114;244.730;1.200;0.000;2.000;0.000
21/12/2006;22:59:00;0.286;0.114;244.330;1.200;0.000;1.000;0.000
21/12/2006;23:00:00;0.286;0.114;244.300;1.200;0.000;2.000;0.000
21/12/2006;23:01:00;0.310;0.128;244.310;1.400;0.000;1.000;0.000
21/12/2006;23:02:00;0.360;0.224;244.420;1.600;0.000;1.000;0.000
21/12/2006;23:03:00;0.360;0.226;244.880;1.600;0.000;2.000;0.000
21/12/2006;23:04:00;0.358;0.220;244.080;1.600;0.000;1.000;0.000
21/12/2006;23:05:00;0.356;0.220;244.200;1.600;0.000;1.000;0.000
21/12/2006;23:06:00;0.354;0.220;243.980;1.600;0.000;2.000;0.000
21/12/2006;23:07:00;0.352;0.220;244.010;1.600;0.000;1.000;0.000
21/12/2006;23:08:00;0.348;0.218;243.720;1.600;0.000;1.000;0.000
21/12/2006;23:09:00;0.348;0.220;244.000;1.600;0.000;2.000;0.000
21/12/2006;23:10:00;0.296;0.142;243.360;1.400;0.000;1.000;0.000
21/12/2006;23:11:00;0.274;0.110;243.610;1.200;0.000;1.000;0.000
21/12/2006;23:12:00;0.274;0.112;244.040;1.200;0.000;1.000;0.000
21/12/2006;23:13:00;0.276;0.112;244.290;1.200;0.000;2.000;0.000
21/12/2006;23:14:00;0.248;0.068;244.910;1.000;0.000;0.000;0.000
21/12/2006;23:15:00;0.202;0.000;244.960;0.800;0.000;0.000;0.000
21/12/2006;23:16:00;0.202;0.000;245.200;0.800;0.000;0.000;0.000
21/12/2006;23:17:00;0.202;0.000;245.280;0.800;0.000;0.000;0.000
21/12/2006;23:18:00;0.200;0.000;244.320;0.800;0.000;0.000;0.000
21/12/2006;23:19:00;0.202;0.000;244.680;0.800;0.000;0.000;0.000
21/12/2006;23:20:00;0.200;0.000;244.330;0.800;0.000;0.000;0.000
21/12/2006;23:21:00;0.280;0.072;244.860;1.200;0.000;0.000;0.000
21/12/2006;23:22:00;0.312;0.126;244.460;1.400;0.000;0.000;0.000
21/12/2006;23:23:00;0.308;0.126;244.520;1.400;0.000;0.000;0.000
21/12/2006;23:24:00;0.308;0.130;245.160;1.400;0.000;0.000;0.000
21/12/2006;23:25:00;0.306;0.130;245.360;1.400;0.000;0.000;0.000
21/12/2006;23:26:00;0.306;0.132;245.570;1.400;0.000;0.000;0.000
21/12/2006;23:27:00;0.304;0.132;245.840;1.400;0.000;0.000;0.000
21/12/2006;23:28:00;0.304;0.134;246.220;1.400;0.000;0.000;0.000
21/12/2006;23:29:00;0.302;0.132;245.650;1.400;0.000;0.000;0.000
21/12/2006;23:30:00;0.300;0.132;245.640;1.400;0.000;0.000;0.000
21/12/2006;23:31:00;0.300;0.134;245.760;1.400;0.000;0.000;0.000
21/12/2006;23:32:00;0.300;0.136;246.240;1.400;0.000;0.000;0.000
21/12/2006;23:33:00;0.300;0.134;246.040;1.400;0.000;0.000;0.000
21/12/2006;23:34:00;0.300;0.134;245.890;1.400;0.000;0.000;0.000
21/12/2006;23:35:00;0.300;0.134;245.970;1.400;0.000;0.000;0.000
21/12/2006;23:36:00;0.300;0.134;246.050;1.400;0.000;0.000;0.000
21/12/2006;23:37:00;0.210;0.000;246.390;0.800;0.000;0.000;0.000
21/12/2006;23:38:00;0.208;0.000;247.060;0.800;0.000;0.000;0.000
21/12/2006;23:39:00;0.208;0.000;246.720;0.800;0.000;0.000;0.000
21/12/2006;23:40:00;0.208;0.000;247.040;0.800;0.000;0.000;0.000
21/12/2006;23:41:00;0.208;0.000;246.500;0.800;0.000;0.000;0.000
21/12/2006;23:42:00;0.208;0.000;246.720;0.800;0.000;0.000;0.000
21/12/2006;23:43:00;0.208;0.000;247.080;0.800;0.000;0.000;0.000
21/12/2006;23:44:00;0.208;0.000;246.890;0.800;0.000;0.000;0.000
21/12/2006;23:45:00;0.206;0.000;246.540;0.800;0.000;0.000;0.000
21/12/2006;23:46:00;0.208;0.000;247.060;0.800;0.000;0.000;0.000
21/12/2006;23:47:00;0.208;0.000;246.590;0.800;0.000;0.000;0.000
21/12/2006;23:48:00;0.206;0.000;246.270;0.800;0.000;0.000;0.000
21/12/2006;23:49:00;0.204;0.000;245.250;0.800;0.000;0.000;0.000
21/12/2006;23:50:00;0.276;0.066;244.130;1.400;0.000;0.000;0.000
21/12/2006;23:51:00;0.280;0.096;244.780;1.200;0.000;0.000;0.000
21/12/2006;23:52:00;0.282;0.096;244.980;1.200;0.000;0.000;0.000
21/12/2006;23:53:00;0.282;0.100;245.620;1.200;0.000;0.000;0.000
21/12/2006;23:54:00;0.282;0.100;245.700;1.200;0.000;0.000;0.000
21/12/2006;23:55:00;0.282;0.102;246.020;1.200;0.000;0.000;0.000
21/12/2006;23:56:00;0.280;0.100;245.860;1.200;0.000;0.000;0.000
21/12/2006;23:57:00;0.280;0.102;246.030;1.200;0.000;0.000;0.000
21/12/2006;23:58:00;0.240;0.000;245.920;1.000;0.000;0.000;0.000
21/12/2006;23:59:00;0.206;0.000;245.760;0.800;0.000;0.000;0.000
22/12/2006;00:00:00;0.206;0.000;245.700;0.800;0.000;0.000;0.000
22/12/2006;00:01:00;0.206;0.000;246.180;0.800;0.000;0.000;0.000
22/12/2006;00:02:00;0.328;0.130;245.610;1.400;0.000;0.000;0.000
22/12/2006;00:03:00;0.314;0.128;244.630;1.400;0.000;0.000;0.000
22/12/2006;00:04:00;0.310;0.128;244.510;1.400;0.000;0.000;0.000
22/12/2006;00:05:00;0.308;0.130;244.800;1.400;0.000;0.000;0.000
22/12/2006;00:06:00;0.306;0.128;244.640;1.400;0.000;0.000;0.000
22/12/2006;00:07:00;0.306;0.130;245.110;1.400;0.000;0.000;0.000
22/12/2006;00:08:00;0.306;0.132;245.380;1.400;0.000;0.000;0.000
22/12/2006;00:09:00;0.306;0.134;245.810;1.400;0.000;0.000;0.000
22/12/2006;00:10:00;0.306;0.138;246.600;1.400;0.000;0.000;0.000
22/12/2006;00:11:00;0.306;0.138;246.750;1.400;0.000;0.000;0.000
22/12/2006;00:12:00;0.304;0.136;246.270;1.400;0.000;0.000;0.000
22/12/2006;00:13:00;0.304;0.140;246.990;1.400;0.000;0.000;0.000
22/12/2006;00:14:00;0.304;0.142;247.390;1.400;0.000;0.000;0.000
22/12/2006;00:15:00;0.304;0.142;247.280;1.400;0.000;0.000;0.000
22/12/2006;00:16:00;0.304;0.142;247.090;1.400;0.000;0.000;0.000
22/12/2006;00:17:00;0.230;0.000;246.590;1.000;0.000;0.000;0.000
22/12/2006;00:18:00;0.206;0.000;246.350;0.800;0.000;0.000;0.000
22/12/2006;00:19:00;0.206;0.000;246.630;0.800;0.000;0.000;0.000
22/12/2006;00:20:00;0.206;0.000;246.550;0.800;0.000;0.000;0.000
22/12/2006;00:21:00;0.206;0.000;246.810;0.800;0.000;0.000;0.000
22/12/2006;00:22:00;0.206;0.000;246.850;0.800;0.000;0.000;0.000
22/12/2006;00:23:00;0.206;0.000;246.620;0.800;0.000;0.000;0.000
22/12/2006;00:24:00;0.206;0.000;245.870;0.800;0.000;0.000;0.000
22/12/2006;00:25:00;0.204;0.000;245.480;0.800;0.000;0.000;0.000
22/12/2006;00:26:00;0.204;0.000;245.220;0.800;0.000;0.000;0.000
22/12/2006;00:27:00;0.206;0.000;245.980;0.800;0.000;0.000;0.000
22/12/2006;00:28:00;0.208;0.000;246.890;0.800;0.000;0.000;0.000
22/12/2006;00:29:00;0.208;0.000;246.830;0.800;0.000;0.000;0.000
22/12/2006;00:30:00;0.208;0.000;246.900;0.800;0.000;0.000;0.000
22/12/2006;00:31:00;0.208;0.000;247.670;0.800;0.000;0.000;0.000
22/12/2006;00:32:00;0.208;0.000;246.970;0.800;0.000;0.000;0.000
22/12/2006;00:33:00;0.206;0.000;246.470;0.800;0.000;0.000;0.000
22/12/2006;00:34:00;0.208;0.000;246.670;0.800;0.000;0.000;0.000
22/12/2006;00:35:00;0.208;0.000;246.590;0.800;0.000;0.000;0.000
22/12/2006;00:36:00;0.206;0.000;245.930;0.800;0.000;0.000;0.000
22/12/2006;00:37:00;0.206;0.000;246.030;0.800;0.000;0.000;0.000
22/12/2006;00:38:00;0.206;0.000;246.260;0.800;0.000;0.000;0.000
22/12/2006;00:39:00;0.300;0.104;245.880;1.400;0.000;0.000;0.000
22/12/2006;00:40:00;0.282;0.100;245.420;1.200;0.000;0.000;0.000
22/12/2006;00:41:00;0.282;0.100;245.630;1.200;0.000;0.000;0.000
22/12/2006;00:42:00;0.334;0.150;245.060;1.600;0.000;0.000;0.000
22/12/2006;00:43:00;0.392;0.240;245.560;1.800;0.000;0.000;0.000
22/12/2006;00:44:00;0.388;0.242;245.760;1.800;0.000;0.000;0.000
22/12/2006;00:45:00;0.382;0.236;244.930;1.800;0.000;0.000;0.000
22/12/2006;00:46:00;0.372;0.222;244.300;1.800;0.000;0.000;0.000
22/12/2006;00:47:00;0.306;0.126;244.500;1.400;0.000;0.000;0.000
22/12/2006;00:48:00;0.304;0.126;244.310;1.400;0.000;0.000;0.000
22/12/2006;00:49:00;0.302;0.126;244.490;1.400;0.000;0.000;0.000
22/12/2006;00:50:00;0.302;0.126;244.490;1.400;0.000;0.000;0.000
22/12/2006;00:51:00;0.300;0.126;244.270;1.200;0.000;0.000;0.000
22/12/2006;00:52:00;0.300;0.126;244.330;1.200;0.000;0.000;0.000
22/12/2006;00:53:00;0.300;0.126;243.930;1.200;0.000;0.000;0.000
22/12/2006;00:54:00;0.300;0.124;243.870;1.200;0.000;0.000;0.000
22/12/2006;00:55:00;0.300;0.126;244.200;1.200;0.000;0.000;0.000
22/12/2006;00:56:00;0.300;0.126;244.270;1.200;0.000;0.000;0.000
22/12/2006;00:57:00;0.266;0.078;244.660;1.200;0.000;0.000;0.000
22/12/2006;00:58:00;0.206;0.000;244.350;0.800;0.000;0.000;0.000
22/12/2006;00:59:00;0.204;0.000;243.580;0.800;0.000;0.000;0.000
22/12/2006;01:00:00;0.202;0.000;242.200;0.800;0.000;0.000;0.000
22/12/2006;01:01:00;0.202;0.000;242.700;0.800;0.000;0.000;0.000
22/12/2006;01:02:00;0.204;0.000;243.420;0.800;0.000;0.000;0.000
22/12/2006;01:03:00;0.204;0.000;243.370;0.800;0.000;0.000;0.000
22/12/2006;01:04:00;0.204;0.000;243.560;0.800;0.000;0.000;0.000
22/12/2006;01:05:00;0.204;0.000;244.480;0.800;0.000;0.000;0.000
22/12/2006;01:06:00;0.286;0.088;243.850;1.400;0.000;0.000;0.000
22/12/2006;01:07:00;0.290;0.114;244.270;1.200;0.000;2.000;0.000
22/12/2006;01:08:00;0.288;0.114;244.070;1.200;0.000;1.000;0.000
22/12/2006;01:09:00;0.286;0.110;243.230;1.200;0.000;1.000;0.000
22/12/2006;01:10:00;0.286;0.108;242.620;1.200;0.000;2.000;0.000
22/12/2006;01:11:00;0.286;0.108;242.530;1.200;0.000;1.000;0.000
22/12/2006;01:12:00;0.288;0.110;243.110;1.200;0.000;2.000;0.000
22/12/2006;01:13:00;0.288;0.112;243.790;1.200;0.000;1.000;0.000
22/12/2006;01:14:00;0.288;0.114;244.000;1.200;0.000;2.000;0.000
22/12/2006;01:15:00;0.288;0.114;244.340;1.200;0.000;1.000;0.000
22/12/2006;01:16:00;0.288;0.114;244.160;1.200;0.000;1.000;0.000
22/12/2006;01:17:00;0.288;0.116;244.630;1.200;0.000;2.000;0.000
22/12/2006;01:18:00;0.288;0.116;244.740;1.200;0.000;1.000;0.000
22/12/2006;01:19:00;0.286;0.114;244.150;1.200;0.000;1.000;0.000
22/12/2006;01:20:00;0.284;0.112;243.940;1.200;0.000;2.000;0.000
22/12/2006;01:21:00;0.284;0.116;244.890;1.200;0.000;1.000;0.000
22/12/2006;01:22:00;0.284;0.118;245.260;1.200;0.000;1.000;0.000
22/12/2006;01:23:00;0.350;0.186;245.390;1.600;0.000;2.000;0.000
22/12/2006;01:24:00;0.394;0.256;244.940;1.800;0.000;1.000;0.000
22/12/2006;01:25:00;0.386;0.254;244.370;1.800;0.000;1.000;0.000
22/12/2006;01:26:00;0.384;0.254;244.230;1.800;0.000;1.000;0.000
22/12/2006;01:27:00;0.384;0.258;244.950;1.800;0.000;2.000;0.000
22/12/2006;01:28:00;0.424;0.290;244.170;2.200;0.000;1.000;0.000
22/12/2006;01:29:00;0.452;0.358;243.870;2.400;0.000;1.000;0.000
22/12/2006;01:30:00;0.396;0.262;243.660;2.000;0.000;0.000;0.000
22/12/2006;01:31:00;0.378;0.236;244.660;1.800;0.000;0.000;0.000
22/12/2006;01:32:00;0.378;0.240;245.160;1.800;0.000;0.000;0.000
22/12/2006;01:33:00;0.376;0.238;244.810;1.800;0.000;0.000;0.000
22/12/2006;01:34:00;0.376;0.242;245.540;1.800;0.000;0.000;0.000
22/12/2006;01:35:00;0.374;0.240;245.140;1.800;0.000;0.000;0.000
22/12/2006;01:36:00;0.360;0.222;244.940;1.600;0.000;0.000;0.000
22/12/2006;01:37:00;0.298;0.128;244.530;1.200;0.000;0.000;0.000
22/12/2006;01:38:00;0.222;0.000;244.220;1.000;0.000;0.000;0.000
22/12/2006;01:39:00;0.204;0.000;244.310;0.800;0.000;0.000;0.000
22/12/2006;01:40:00;0.202;0.000;243.600;0.800;0.000;0.000;0.000
22/12/2006;01:41:00;0.202;0.000;243.690;0.800;0.000;0.000;0.000
22/12/2006;01:42:00;0.204;0.000;244.520;0.800;0.000;0.000;0.000
22/12/2006;01:43:00;0.206;0.000;245.610;0.800;0.000;0.000;0.000
22/12/2006;01:44:00;0.206;0.000;245.920;0.800;0.000;0.000;0.000
22/12/2006;01:45:00;0.206;0.000;246.200;0.800;0.000;0.000;0.000
22/12/2006;01:46:00;0.206;0.000;246.040;0.800;0.000;0.000;0.000
22/12/2006;01:47:00;0.206;0.000;245.650;0.800;0.000;0.000;0.000
22/12/2006;01:48:00;0.204;0.000;245.070;0.800;0.000;0.000;0.000
22/12/2006;01:49:00;0.204;0.000;245.140;0.800;0.000;0.000;0.000
22/12/2006;01:50:00;0.204;0.000;244.900;0.800;0.000;0.000;0.000
22/12/2006;01:51:00;0.204;0.000;245.050;0.800;0.000;0.000;0.000
22/12/2006;01:52:00;0.204;0.000;244.690;0.800;0.000;0.000;0.000
22/12/2006;01:53:00;0.204;0.000;244.820;0.800;0.000;0.000;0.000
22/12/2006;01:54:00;0.204;0.000;245.210;0.800;0.000;0.000;0.000
22/12/2006;01:55:00;0.204;0.000;244.950;0.800;0.000;0.000;0.000
22/12/2006;01:56:00;0.204;0.000;244.880;0.800;0.000;0.000;0.000
22/12/2006;01:57:00;0.204;0.000;245.140;0.800;0.000;0.000;0.000
22/12/2006;01:58:00;0.206;0.000;245.410;0.800;0.000;0.000;0.000
22/12/2006;01:59:00;0.204;0.000;244.540;0.800;0.000;0.000;0.000
22/12/2006;02:00:00;0.202;0.000;243.030;0.800;0.000;0.000;0.000
22/12/2006;02:01:00;0.204;0.000;244.290;0.800;0.000;0.000;0.000
22/12/2006;02:02:00;0.206;0.000;245.900;0.800;0.000;0.000;0.000
22/12/2006;02:03:00;0.208;0.000;246.180;0.800;0.000;0.000;0.000
22/12/2006;02:04:00;0.324;0.128;246.850;1.400;0.000;0.000;0.000
22/12/2006;02:05:00;0.318;0.138;246.860;1.400;0.000;0.000;0.000
22/12/2006;02:06:00;0.314;0.136;246.130;1.400;0.000;0.000;0.000
22/12/2006;02:07:00;0.312;0.136;246.080;1.400;0.000;0.000;0.000
22/12/2006;02:08:00;0.312;0.138;246.690;1.400;0.000;0.000;0.000
22/12/2006;02:09:00;0.310;0.136;246.230;1.400;0.000;0.000;0.000
22/12/2006;02:10:00;0.308;0.134;245.680;1.400;0.000;0.000;0.000
22/12/2006;02:11:00;0.306;0.132;245.490;1.400;0.000;0.000;0.000
22/12/2006;02:12:00;0.306;0.134;245.830;1.400;0.000;0.000;0.000
22/12/2006;02:13:00;0.306;0.134;245.720;1.400;0.000;0.000;0.000
22/12/2006;02:14:00;0.304;0.136;246.030;1.400;0.000;0.000;0.000
22/12/2006;02:15:00;0.304;0.136;246.230;1.400;0.000;0.000;0.000
22/12/2006;02:16:00;0.304;0.138;246.410;1.400;0.000;0.000;0.000
22/12/2006;02:17:00;0.304;0.136;246.050;1.400;0.000;0.000;0.000
22/12/2006;02:18:00;0.240;0.000;246.080;1.000;0.000;0.000;0.000
22/12/2006;02:19:00;0.210;0.000;246.790;0.800;0.000;0.000;0.000
22/12/2006;02:20:00;0.302;0.102;246.310;1.400;0.000;0.000;0.000
22/12/2006;02:21:00;0.286;0.104;246.590;1.200;0.000;0.000;0.000
22/12/2006;02:22:00;0.286;0.102;245.880;1.200;0.000;0.000;0.000
22/12/2006;02:23:00;0.286;0.104;246.280;1.200;0.000;0.000;0.000
22/12/2006;02:24:00;0.286;0.108;247.230;1.200;0.000;0.000;0.000
22/12/2006;02:25:00;0.286;0.108;247.310;1.200;0.000;0.000;0.000
22/12/2006;02:26:00;0.284;0.106;246.960;1.200;0.000;0.000;0.000
22/12/2006;02:27:00;0.280;0.102;246.230;1.200;0.000;0.000;0.000
22/12/2006;02:28:00;0.210;0.000;247.130;0.800;0.000;0.000;0.000
22/12/2006;02:29:00;0.208;0.000;246.080;0.800;0.000;0.000;0.000
22/12/2006;02:30:00;0.208;0.000;245.780;0.800;0.000;0.000;0.000
22/12/2006;02:31:00;0.208;0.000;245.650;0.800;0.000;0.000;0.000
22/12/2006;02:32:00;0.208;0.000;246.350;0.800;0.000;0.000;0.000
22/12/2006;02:33:00;0.210;0.000;246.660;0.800;0.000;0.000;0.000
22/12/2006;02:34:00;0.210;0.000;247.680;0.800;0.000;0.000;0.000
22/12/2006;02:35:00;0.212;0.000;247.620;0.800;0.000;0.000;0.000
22/12/2006;02:36:00;0.210;0.000;247.440;0.800;0.000;0.000;0.000
22/12/2006;02:37:00;0.210;0.000;247.590;0.800;0.000;0.000;0.000
22/12/2006;02:38:00;0.210;0.000;247.700;0.800;0.000;0.000;0.000
22/12/2006;02:39:00;0.210;0.000;247.430;0.800;0.000;0.000;0.000
22/12/2006;02:40:00;0.210;0.000;246.890;0.800;0.000;0.000;0.000
22/12/2006;02:41:00;0.208;0.000;246.570;0.800;0.000;0.000;0.000
22/12/2006;02:42:00;0.210;0.000;246.760;0.800;0.000;0.000;0.000
22/12/2006;02:43:00;0.210;0.000;247.650;0.800;0.000;0.000;0.000
22/12/2006;02:44:00;0.276;0.066;247.830;1.200;0.000;0.000;0.000
22/12/2006;02:45:00;0.322;0.142;247.550;1.400;0.000;0.000;0.000
22/12/2006;02:46:00;0.320;0.142;247.650;1.400;0.000;0.000;0.000
22/12/2006;02:47:00;0.318;0.146;248.180;1.400;0.000;0.000;0.000
22/12/2006;02:48:00;0.316;0.144;247.930;1.400;0.000;0.000;0.000
22/12/2006;02:49:00;0.314;0.144;247.790;1.400;0.000;0.000;0.000
22/12/2006;02:50:00;0.310;0.142;247.400;1.400;0.000;0.000;0.000
22/12/2006;02:51:00;0.310;0.142;247.490;1.400;0.000;0.000;0.000
22/12/2006;02:52:00;0.310;0.144;247.970;1.400;0.000;0.000;0.000
22/12/2006;02:53:00;0.308;0.146;248.120;1.400;0.000;0.000;0.000
22/12/2006;02:54:00;0.308;0.146;248.190;1.400;0.000;0.000;0.000
22/12/2006;02:55:00;0.308;0.148;248.360;1.400;0.000;0.000;0.000
22/12/2006;02:56:00;0.308;0.148;248.530;1.400;0.000;0.000;0.000
22/12/2006;02:57:00;0.308;0.148;248.730;1.400;0.000;0.000;0.000
22/12/2006;02:58:00;0.262;0.080;248.570;1.200;0.000;0.000;0.000
22/12/2006;02:59:00;0.210;0.000;247.660;0.800;0.000;0.000;0.000
22/12/2006;03:00:00;0.210;0.000;247.440;0.800;0.000;0.000;0.000
22/12/2006;03:01:00;0.208;0.000;246.700;0.800;0.000;0.000;0.000
22/12/2006;03:02:00;0.206;0.000;245.690;0.800;0.000;0.000;0.000
22/12/2006;03:03:00;0.208;0.000;245.830;0.800;0.000;0.000;0.000
22/12/2006;03:04:00;0.208;0.000;245.970;0.800;0.000;0.000;0.000
22/12/2006;03:05:00;0.208;0.000;246.450;0.800;0.000;0.000;0.000
22/12/2006;03:06:00;0.208;0.000;246.460;0.800;0.000;0.000;0.000
22/12/2006;03:07:00;0.208;0.000;246.730;0.800;0.000;0.000;0.000
22/12/2006;03:08:00;0.208;0.000;246.510;0.800;0.000;0.000;0.000
22/12/2006;03:09:00;0.206;0.000;245.780;0.800;0.000;0.000;0.000
22/12/2006;03:10:00;0.206;0.000;245.000;0.800;0.000;0.000;0.000
22/12/2006;03:11:00;0.204;0.000;244.750;0.800;0.000;0.000;0.000
22/12/2006;03:12:00;0.226;0.000;245.550;1.200;0.000;0.000;0.000
22/12/2006;03:13:00;0.284;0.102;246.050;1.200;0.000;0.000;0.000
22/12/2006;03:14:00;0.284;0.104;246.410;1.200;0.000;0.000;0.000
22/12/2006;03:15:00;0.284;0.102;246.010;1.200;0.000;0.000;0.000
22/12/2006;03:16:00;0.282;0.100;245.650;1.200;0.000;0.000;0.000
22/12/2006;03:17:00;0.282;0.102;245.830;1.200;0.000;0.000;0.000
22/12/2006;03:18:00;0.282;0.102;245.670;1.200;0.000;0.000;0.000
22/12/2006;03:19:00;0.280;0.100;245.300;1.200;0.000;0.000;0.000
22/12/2006;03:20:00;0.270;0.086;245.260;1.200;0.000;0.000;0.000
22/12/2006;03:21:00;0.206;0.000;245.210;0.800;0.000;0.000;0.000
22/12/2006;03:22:00;0.208;0.000;246.180;0.800;0.000;0.000;0.000
22/12/2006;03:23:00;0.260;0.050;247.110;1.200;0.000;0.000;0.000
22/12/2006;03:24:00;0.318;0.140;247.220;1.400;0.000;1.000;0.000
22/12/2006;03:25:00;0.406;0.264;246.160;2.000;0.000;2.000;0.000
22/12/2006;03:26:00;0.404;0.270;246.970;2.000;0.000;1.000;0.000
22/12/2006;03:27:00;0.400;0.266;246.640;1.800;0.000;2.000;0.000
22/12/2006;03:28:00;0.398;0.264;245.960;1.800;0.000;1.000;0.000
22/12/2006;03:29:00;0.396;0.260;245.350;1.800;0.000;1.000;0.000
22/12/2006;03:30:00;0.394;0.262;245.620;1.800;0.000;2.000;0.000
22/12/2006;03:31:00;0.394;0.262;245.770;1.800;0.000;1.000;0.000
22/12/2006;03:32:00;0.392;0.266;246.160;1.800;0.000;2.000;0.000
22/12/2006;03:33:00;0.392;0.266;246.480;1.800;0.000;1.000;0.000
22/12/2006;03:34:00;0.390;0.268;246.730;1.800;0.000;1.000;0.000
22/12/2006;03:35:00;0.388;0.268;246.680;1.800;0.000;2.000;0.000
22/12/2006;03:36:00;0.388;0.266;246.470;1.800;0.000;1.000;0.000
22/12/2006;03:37:00;0.384;0.260;245.300;1.800;0.000;1.000;0.000
22/12/2006;03:38:00;0.366;0.236;244.590;1.800;0.000;2.000;0.000
22/12/2006;03:39:00;0.286;0.116;245.050;1.200;0.000;1.000;0.000
22/12/2006;03:40:00;0.284;0.116;244.830;1.200;0.000;1.000;0.000
22/12/2006;03:41:00;0.286;0.120;246.080;1.200;0.000;2.000;0.000
22/12/2006;03:42:00;0.286;0.120;245.940;1.200;0.000;1.000;0.000
22/12/2006;03:43:00;0.284;0.118;245.300;1.200;0.000;1.000;0.000
22/12/2006;03:44:00;0.282;0.118;245.380;1.200;0.000;1.000;0.000
22/12/2006;03:45:00;0.284;0.120;246.050;1.200;0.000;2.000;0.000
22/12/2006;03:46:00;0.282;0.118;245.560;1.200;0.000;1.000;0.000
22/12/2006;03:47:00;0.228;0.000;244.430;1.000;0.000;0.000;0.000
22/12/2006;03:48:00;0.206;0.000;244.810;0.800;0.000;0.000;0.000
22/12/2006;03:49:00;0.206;0.000;245.190;0.800;0.000;0.000;0.000
22/12/2006;03:50:00;0.208;0.000;245.690;0.800;0.000;0.000;0.000
22/12/2006;03:51:00;0.208;0.000;245.700;0.800;0.000;0.000;0.000
22/12/2006;03:52:00;0.208;0.000;245.440;0.800;0.000;0.000;0.000
22/12/2006;03:53:00;0.208;0.000;245.610;0.800;0.000;0.000;0.000
22/12/2006;03:54:00;0.208;0.000;245.950;0.800;0.000;0.000;0.000
22/12/2006;03:55:00;0.206;0.000;245.100;0.800;0.000;0.000;0.000
22/12/2006;03:56:00;0.206;0.000;244.730;0.800;0.000;0.000;0.000
22/12/2006;03:57:00;0.206;0.000;244.870;0.800;0.000;0.000;0.000
22/12/2006;03:58:00;0.208;0.000;245.400;0.800;0.000;0.000;0.000
22/12/2006;03:59:00;0.206;0.000;244.820;0.800;0.000;0.000;0.000
22/12/2006;04:00:00;0.206;0.000;245.070;0.800;0.000;0.000;0.000
22/12/2006;04:01:00;0.208;0.000;245.650;0.800;0.000;0.000;0.000
22/12/2006;04:02:00;0.208;0.000;245.770;0.800;0.000;0.000;0.000
22/12/2006;04:03:00;0.206;0.000;244.930;0.800;0.000;0.000;0.000
22/12/2006;04:04:00;0.206;0.000;245.440;0.800;0.000;0.000;0.000
22/12/2006;04:05:00;0.262;0.000;245.460;1.200;0.000;0.000;0.000
22/12/2006;04:06:00;0.338;0.136;245.260;1.600;0.000;0.000;0.000
22/12/2006;04:07:00;0.390;0.238;244.780;1.800;0.000;0.000;0.000
22/12/2006;04:08:00;0.388;0.238;245.030;1.800;0.000;0.000;0.000
22/12/2006;04:09:00;0.386;0.238;244.720;1.800;0.000;0.000;0.000
22/12/2006;04:10:00;0.384;0.240;245.190;1.800;0.000;0.000;0.000
22/12/2006;04:11:00;0.380;0.236;244.510;1.800;0.000;0.000;0.000
22/12/2006;04:12:00;0.378;0.234;244.260;1.800;0.000;0.000;0.000
22/12/2006;04:13:00;0.376;0.234;244.110;1.800;0.000;0.000;0.000
22/12/2006;04:14:00;0.356;0.208;244.230;1.600;0.000;0.000;0.000
22/12/2006;04:15:00;0.302;0.132;245.060;1.400;0.000;0.000;0.000
22/12/2006;04:16:00;0.302;0.132;245.360;1.400;0.000;0.000;0.000
22/12/2006;04:17:00;0.302;0.132;245.360;1.400;0.000;0.000;0.000
22/12/2006;04:18:00;0.300;0.128;244.710;1.400;0.000;0.000;0.000
22/12/2006;04:19:00;0.266;0.080;245.560;1.200;0.000;0.000;0.000
22/12/2006;04:20:00;0.208;0.000;246.110;0.800;0.000;0.000;0.000
22/12/2006;04:21:00;0.208;0.000;246.380;0.800;0.000;0.000;0.000
22/12/2006;04:22:00;0.210;0.000;247.080;0.800;0.000;0.000;0.000
22/12/2006;04:23:00;0.210;0.000;247.130;0.800;0.000;0.000;0.000
22/12/2006;04:24:00;0.210;0.000;246.920;0.800;0.000;0.000;0.000
22/12/2006;04:25:00;0.208;0.000;246.430;0.800;0.000;0.000;0.000
22/12/2006;04:26:00;0.210;0.000;247.500;0.800;0.000;0.000;0.000
22/12/2006;04:27:00;0.230;0.000;246.560;1.000;0.000;0.000;0.000
22/12/2006;04:28:00;0.228;0.000;246.120;1.000;0.000;0.000;0.000
22/12/2006;04:29:00;0.214;0.000;245.950;0.800;0.000;0.000;0.000
22/12/2006;04:30:00;0.208;0.000;246.650;0.800;0.000;0.000;0.000
22/12/2006;04:31:00;0.208;0.000;247.070;0.800;0.000;0.000;0.000
22/12/2006;04:32:00;0.208;0.000;247.000;0.800;0.000;0.000;0.000
22/12/2006;04:33:00;0.208;0.000;246.590;0.800;0.000;0.000;0.000
22/12/2006;04:34:00;0.208;0.000;246.020;0.800;0.000;0.000;0.000
22/12/2006;04:35:00;0.206;0.000;245.420;0.800;0.000;0.000;0.000
22/12/2006;04:36:00;0.206;0.000;245.410;0.800;0.000;0.000;0.000
22/12/2006;04:37:00;0.206;0.000;244.970;0.800;0.000;0.000;0.000
22/12/2006;04:38:00;0.206;0.000;244.750;0.800;0.000;0.000;0.000
22/12/2006;04:39:00;0.208;0.000;245.620;0.800;0.000;0.000;0.000
22/12/2006;04:40:00;0.206;0.000;244.770;0.800;0.000;0.000;0.000
22/12/2006;04:41:00;0.206;0.000;244.920;0.800;0.000;0.000;0.000
22/12/2006;04:42:00;0.208;0.000;245.070;0.800;0.000;0.000;0.000
22/12/2006;04:43:00;0.206;0.000;244.400;0.800;0.000;0.000;0.000
22/12/2006;04:44:00;0.206;0.000;243.990;0.800;0.000;0.000;0.000
22/12/2006;04:45:00;0.206;0.000;244.950;0.800;0.000;0.000;0.000
22/12/2006;04:46:00;0.274;0.058;244.320;1.200;0.000;0.000;0.000
22/12/2006;04:47:00;0.316;0.124;244.040;1.400;0.000;0.000;0.000
22/12/2006;04:48:00;0.314;0.128;244.890;1.400;0.000;0.000;0.000
22/12/2006;04:49:00;0.312;0.130;245.110;1.400;0.000;0.000;0.000
22/12/2006;04:50:00;0.312;0.132;245.370;1.400;0.000;0.000;0.000
22/12/2006;04:51:00;0.310;0.132;245.540;1.400;0.000;0.000;0.000
22/12/2006;04:52:00;0.308;0.130;245.210;1.400;0.000;0.000;0.000
22/12/2006;04:53:00;0.306;0.128;244.830;1.400;0.000;0.000;0.000
22/12/2006;04:54:00;0.304;0.128;244.780;1.400;0.000;0.000;0.000
22/12/2006;04:55:00;0.304;0.128;244.640;1.400;0.000;0.000;0.000
22/12/2006;04:56:00;0.302;0.128;244.570;1.400;0.000;0.000;0.000
22/12/2006;04:57:00;0.302;0.130;245.110;1.400;0.000;0.000;0.000
22/12/2006;04:58:00;0.302;0.128;244.830;1.400;0.000;0.000;0.000
22/12/2006;04:59:00;0.300;0.126;244.090;1.200;0.000;0.000;0.000
22/12/2006;05:00:00;0.262;0.000;244.490;1.200;0.000;0.000;0.000
22/12/2006;05:01:00;0.282;0.096;244.300;1.200;0.000;0.000;0.000
22/12/2006;05:02:00;1.162;0.080;242.530;5.200;0.000;0.000;13.000
22/12/2006;05:03:00;1.400;0.078;242.510;5.800;0.000;0.000;19.000
22/12/2006;05:04:00;1.384;0.078;242.420;5.600;0.000;0.000;18.000
22/12/2006;05:05:00;1.380;0.080;243.060;5.600;0.000;0.000;18.000
22/12/2006;05:06:00;1.368;0.078;242.540;5.600;0.000;0.000;19.000
22/12/2006;05:07:00;1.366;0.078;242.650;5.600;0.000;0.000;18.000
22/12/2006;05:08:00;1.332;0.000;243.490;5.400;0.000;0.000;18.000
22/12/2006;05:09:00;1.308;0.000;244.380;5.200;0.000;0.000;18.000
22/12/2006;05:10:00;1.300;0.000;243.650;5.200;0.000;0.000;18.000
22/12/2006;05:11:00;1.298;0.000;243.530;5.200;0.000;0.000;19.000
22/12/2006;05:12:00;1.292;0.000;242.960;5.200;0.000;0.000;18.000
22/12/2006;05:13:00;1.292;0.000;243.040;5.200;0.000;0.000;18.000
22/12/2006;05:14:00;1.298;0.000;243.640;5.200;0.000;0.000;18.000
22/12/2006;05:15:00;1.296;0.000;243.360;5.200;0.000;0.000;18.000
22/12/2006;05:16:00;1.298;0.000;243.710;5.200;0.000;0.000;18.000
22/12/2006;05:17:00;1.298;0.000;243.740;5.200;0.000;0.000;19.000
22/12/2006;05:18:00;1.296;0.000;243.590;5.200;0.000;0.000;18.000
22/12/2006;05:19:00;1.292;0.000;243.210;5.200;0.000;0.000;18.000
22/12/2006;05:20:00;1.298;0.000;243.700;5.200;0.000;0.000;18.000
22/12/2006;05:21:00;1.296;0.000;243.670;5.200;0.000;0.000;18.000
22/12/2006;05:22:00;1.304;0.000;244.300;5.200;0.000;0.000;18.000
22/12/2006;05:23:00;1.300;0.000;244.030;5.200;0.000;0.000;19.000
22/12/2006;05:24:00;1.296;0.000;243.680;5.200;0.000;0.000;18.000
22/12/2006;05:25:00;1.302;0.000;244.080;5.200;0.000;0.000;18.000
22/12/2006;05:26:00;1.306;0.000;244.560;5.200;0.000;0.000;18.000
22/12/2006;05:27:00;1.398;0.090;243.400;5.800;0.000;0.000;19.000
22/12/2006;05:28:00;1.404;0.114;243.600;5.800;0.000;0.000;18.000
22/12/2006;05:29:00;1.394;0.112;243.040;5.600;0.000;0.000;18.000
22/12/2006;05:30:00;1.390;0.110;242.740;5.600;0.000;0.000;18.000
22/12/2006;05:31:00;0.926;0.118;243.480;4.400;0.000;0.000;11.000
22/12/2006;05:32:00;0.308;0.134;245.570;1.400;0.000;0.000;0.000
22/12/2006;05:33:00;0.308;0.136;246.100;1.400;0.000;0.000;0.000
22/12/2006;05:34:00;0.310;0.142;247.100;1.400;0.000;0.000;0.000
22/12/2006;05:35:00;0.308;0.142;247.360;1.400;0.000;0.000;0.000
22/12/2006;05:36:00;0.310;0.146;247.890;1.400;0.000;0.000;0.000
22/12/2006;05:37:00;0.308;0.148;248.190;1.400;0.000;0.000;0.000
22/12/2006;05:38:00;0.310;0.150;248.810;1.400;0.000;0.000;0.000
22/12/2006;05:39:00;0.306;0.146;247.930;1.400;0.000;0.000;0.000
22/12/2006;05:40:00;0.280;0.102;247.070;1.200;0.000;0.000;0.000
22/12/2006;05:41:00;0.210;0.000;247.350;0.800;0.000;0.000;0.000
22/12/2006;05:42:00;0.276;0.066;246.770;1.400;0.000;0.000;0.000
22/12/2006;05:43:00;0.300;0.124;246.080;1.200;0.000;1.000;0.000
22/12/2006;05:44:00;0.296;0.122;245.650;1.200;0.000;2.000;0.000
22/12/2006;05:45:00;0.294;0.120;245.570;1.200;0.000;1.000;0.000
22/12/2006;05:46:00;0.290;0.120;245.610;1.200;0.000;1.000;0.000
22/12/2006;05:47:00;0.292;0.122;245.870;1.200;0.000;2.000;0.000
22/12/2006;05:48:00;0.294;0.126;247.090;1.200;0.000;1.000;0.000
22/12/2006;05:49:00;0.292;0.124;246.650;1.200;0.000;2.000;0.000
22/12/2006;05:50:00;0.294;0.126;246.810;1.200;0.000;1.000;0.000
22/12/2006;05:51:00;0.292;0.124;246.600;1.200;0.000;2.000;0.000
22/12/2006;05:52:00;0.292;0.126;246.960;1.200;0.000;1.000;0.000
22/12/2006;05:53:00;0.294;0.128;247.610;1.200;0.000;1.000;0.000
22/12/2006;05:54:00;0.296;0.128;247.420;1.200;0.000;2.000;0.000
22/12/2006;05:55:00;0.340;0.170;247.140;1.600;0.000;1.000;0.000
22/12/2006;05:56:00;0.370;0.240;247.890;1.800;0.000;1.000;0.000
22/12/2006;05:57:00;0.374;0.240;247.530;1.800;0.000;2.000;0.000
22/12/2006;05:58:00;0.376;0.240;247.830;1.800;0.000;1.000;0.000
22/12/2006;05:59:00;0.372;0.240;247.630;1.800;0.000;1.000;0.000
22/12/2006;06:00:00;0.372;0.240;248.010;1.800;0.000;2.000;0.000
22/12/2006;06:01:00;0.370;0.238;247.660;1.800;0.000;1.000;0.000
22/12/2006;06:02:00;0.366;0.236;247.360;1.800;0.000;1.000;0.000
22/12/2006;06:03:00;0.318;0.166;247.700;1.400;0.000;1.000;0.000
22/12/2006;06:04:00;0.294;0.130;248.220;1.200;0.000;2.000;0.000
22/12/2006;06:05:00;0.294;0.134;248.820;1.200;0.000;1.000;0.000
22/12/2006;06:06:00;0.232;0.000;248.070;1.000;0.000;0.000;0.000
22/12/2006;06:07:00;0.218;0.000;247.860;0.800;0.000;0.000;0.000
22/12/2006;06:08:00;0.332;0.128;246.500;1.400;0.000;0.000;0.000
22/12/2006;06:09:00;0.326;0.136;246.390;1.400;0.000;0.000;0.000
22/12/2006;06:10:00;0.320;0.134;246.050;1.400;0.000;0.000;0.000
22/12/2006;06:11:00;0.320;0.140;247.060;1.400;0.000;0.000;0.000
22/12/2006;06:12:00;0.320;0.142;247.340;1.400;0.000;0.000;0.000
22/12/2006;06:13:00;0.318;0.142;247.360;1.400;0.000;0.000;0.000
22/12/2006;06:14:00;0.316;0.142;247.440;1.400;0.000;0.000;0.000
22/12/2006;06:15:00;0.314;0.140;246.800;1.400;0.000;0.000;0.000
22/12/2006;06:16:00;0.310;0.132;245.350;1.400;0.000;0.000;0.000
22/12/2006;06:17:00;0.308;0.130;245.010;1.400;0.000;0.000;0.000
22/12/2006;06:18:00;0.306;0.130;245.140;1.400;0.000;0.000;0.000
22/12/2006;06:19:00;0.308;0.134;245.940;1.400;0.000;0.000;0.000
22/12/2006;06:20:00;0.310;0.142;247.310;1.400;0.000;0.000;0.000
22/12/2006;06:21:00;0.284;0.104;247.650;1.200;0.000;0.000;0.000
22/12/2006;06:22:00;0.214;0.000;247.260;0.800;0.000;0.000;0.000
22/12/2006;06:23:00;0.214;0.000;247.230;0.800;0.000;0.000;0.000
22/12/2006;06:24:00;0.212;0.000;246.480;0.800;0.000;0.000;0.000
22/12/2006;06:25:00;0.212;0.000;245.850;0.800;0.000;0.000;0.000
22/12/2006;06:26:00;0.212;0.000;246.770;0.800;0.000;0.000;0.000
22/12/2006;06:27:00;0.214;0.000;247.140;0.800;0.000;0.000;0.000
22/12/2006;06:28:00;0.214;0.000;247.390;0.800;0.000;0.000;0.000
22/12/2006;06:29:00;0.212;0.000;247.170;0.800;0.000;0.000;0.000
22/12/2006;06:30:00;0.214;0.000;247.310;0.800;0.000;0.000;0.000
22/12/2006;06:31:00;0.210;0.000;245.940;0.800;0.000;0.000;0.000
22/12/2006;06:32:00;0.210;0.000;245.650;0.800;0.000;0.000;0.000
22/12/2006;06:33:00;0.208;0.000;245.060;0.800;0.000;0.000;0.000
22/12/2006;06:34:00;0.206;0.000;243.740;0.800;0.000;0.000;0.000
22/12/2006;06:35:00;0.206;0.000;244.030;0.800;0.000;0.000;0.000
22/12/2006;06:36:00;0.206;0.000;243.570;0.800;0.000;0.000;0.000
22/12/2006;06:37:00;0.206;0.000;244.190;0.800;0.000;0.000;0.000
22/12/2006;06:38:00;0.208;0.000;244.600;0.800;0.000;0.000;0.000
22/12/2006;06:39:00;0.208;0.000;244.770;0.800;0.000;0.000;0.000
22/12/2006;06:40:00;0.206;0.000;244.080;0.800;0.000;0.000;0.000
22/12/2006;06:41:00;0.206;0.000;243.730;0.800;0.000;0.000;0.000
22/12/2006;06:42:00;0.206;0.000;243.890;0.800;0.000;0.000;0.000
22/12/2006;06:43:00;0.206;0.000;243.730;0.800;0.000;0.000;0.000
22/12/2006;06:44:00;0.204;0.000;243.070;0.800;0.000;0.000;0.000
22/12/2006;06:45:00;0.202;0.000;242.250;0.800;0.000;0.000;0.000
22/12/2006;06:46:00;0.202;0.000;242.140;0.800;0.000;0.000;0.000
22/12/2006;06:47:00;0.202;0.000;242.330;0.800;0.000;0.000;0.000
22/12/2006;06:48:00;0.246;0.000;243.530;1.200;0.000;0.000;0.000
22/12/2006;06:49:00;0.316;0.122;243.530;1.400;0.000;0.000;0.000
22/12/2006;06:50:00;0.330;0.124;242.460;1.600;0.000;0.000;0.000
22/12/2006;06:51:00;0.384;0.222;242.230;1.800;0.000;0.000;0.000
22/12/2006;06:52:00;0.386;0.234;244.250;1.800;0.000;0.000;0.000
22/12/2006;06:53:00;0.388;0.242;245.650;1.800;0.000;0.000;0.000
22/12/2006;06:54:00;0.392;0.236;244.890;1.800;0.000;0.000;0.000
22/12/2006;06:55:00;0.564;0.230;244.330;2.600;0.000;0.000;0.000
22/12/2006;06:56:00;1.552;0.218;243.020;6.400;0.000;0.000;0.000
22/12/2006;06:57:00;1.566;0.214;242.360;6.400;0.000;0.000;0.000
22/12/2006;06:58:00;5.170;0.176;238.880;22.200;0.000;0.000;0.000
22/12/2006;06:59:00;5.208;0.128;239.020;21.800;0.000;0.000;0.000
22/12/2006;07:00:00;4.466;0.080;239.600;18.600;0.000;0.000;0.000
22/12/2006;07:01:00;3.878;0.084;240.130;16.600;0.000;0.000;0.000
22/12/2006;07:02:00;2.460;0.048;240.830;10.200;0.000;0.000;0.000
22/12/2006;07:03:00;3.434;0.000;239.640;14.400;0.000;0.000;0.000
22/12/2006;07:04:00;1.664;0.000;241.210;8.000;0.000;0.000;0.000
22/12/2006;07:05:00;0.788;0.058;241.660;3.400;0.000;0.000;0.000
22/12/2006;07:06:00;0.974;0.078;240.880;4.000;0.000;0.000;0.000
22/12/2006;07:07:00;1.004;0.074;240.550;4.200;0.000;0.000;0.000
22/12/2006;07:08:00;1.004;0.076;240.780;4.200;0.000;0.000;0.000
22/12/2006;07:09:00;1.002;0.076;240.970;4.200;0.000;0.000;0.000
22/12/2006;07:10:00;1.000;0.078;240.890;4.200;0.000;0.000;0.000
22/12/2006;07:11:00;0.996;0.076;240.710;4.200;0.000;0.000;0.000
22/12/2006;07:12:00;1.000;0.078;240.800;4.200;0.000;0.000;0.000
22/12/2006;07:13:00;1.006;0.078;241.280;4.200;0.000;0.000;0.000
22/12/2006;07:14:00;1.002;0.074;239.900;4.200;0.000;0.000;0.000
22/12/2006;07:15:00;0.996;0.076;240.050;4.200;0.000;0.000;0.000
22/12/2006;07:16:00;0.990;0.076;240.130;4.200;0.000;0.000;0.000
22/12/2006;07:17:00;0.994;0.076;240.300;4.200;0.000;0.000;0.000
22/12/2006;07:18:00;1.000;0.072;239.330;4.200;0.000;0.000;0.000
22/12/2006;07:19:00;1.010;0.076;240.880;4.200;0.000;0.000;0.000
22/12/2006;07:20:00;1.022;0.078;241.810;4.200;0.000;0.000;0.000
22/12/2006;07:21:00;1.016;0.076;241.470;4.200;0.000;0.000;0.000
22/12/2006;07:22:00;1.020;0.080;242.340;4.200;0.000;0.000;0.000
22/12/2006;07:23:00;1.022;0.080;242.370;4.200;0.000;0.000;0.000
22/12/2006;07:24:00;1.016;0.080;242.220;4.200;0.000;0.000;0.000
22/12/2006;07:25:00;1.008;0.080;242.090;4.200;0.000;0.000;0.000
22/12/2006;07:26:00;1.010;0.082;242.660;4.200;0.000;0.000;0.000
22/12/2006;07:27:00;1.016;0.082;242.680;4.200;0.000;0.000;0.000
22/12/2006;07:28:00;1.012;0.082;242.780;4.200;0.000;0.000;0.000
22/12/2006;07:29:00;1.374;0.206;242.830;5.800;0.000;0.000;0.000
22/12/2006;07:30:00;1.452;0.212;242.130;6.000;0.000;0.000;0.000
22/12/2006;07:31:00;1.398;0.208;241.000;5.800;0.000;0.000;0.000
22/12/2006;07:32:00;1.388;0.206;240.690;5.800;0.000;0.000;0.000
22/12/2006;07:33:00;1.386;0.206;240.600;5.800;0.000;0.000;0.000
22/12/2006;07:34:00;1.398;0.210;241.470;5.800;0.000;0.000;0.000
22/12/2006;07:35:00;1.394;0.208;240.930;5.800;0.000;0.000;0.000
22/12/2006;07:36:00;1.392;0.204;240.550;5.800;0.000;0.000;0.000
22/12/2006;07:37:00;1.404;0.214;242.290;5.800;0.000;0.000;0.000
22/12/2006;07:38:00;1.396;0.216;242.630;5.800;0.000;0.000;0.000
22/12/2006;07:39:00;1.530;0.208;241.810;6.400;0.000;0.000;0.000
22/12/2006;07:40:00;1.568;0.210;241.840;6.400;0.000;0.000;0.000
22/12/2006;07:41:00;1.580;0.214;241.600;6.600;0.000;0.000;0.000
22/12/2006;07:42:00;1.656;0.322;242.170;7.000;0.000;0.000;0.000
22/12/2006;07:43:00;1.578;0.232;240.250;6.600;0.000;0.000;0.000
22/12/2006;07:44:00;1.488;0.180;240.490;6.200;0.000;0.000;0.000
22/12/2006;07:45:00;1.498;0.180;240.740;6.200;0.000;0.000;0.000
22/12/2006;07:46:00;1.444;0.188;242.070;6.000;0.000;0.000;0.000
22/12/2006;07:47:00;2.354;0.184;242.040;10.200;0.000;0.000;11.000
22/12/2006;07:48:00;2.960;0.154;240.840;12.200;0.000;0.000;19.000
22/12/2006;07:49:00;2.864;0.148;241.110;11.800;0.000;0.000;18.000
22/12/2006;07:50:00;2.762;0.000;239.670;11.400;0.000;0.000;18.000
22/12/2006;07:51:00;2.818;0.000;238.220;11.800;0.000;0.000;17.000
22/12/2006;07:52:00;2.896;0.000;238.010;12.200;0.000;0.000;18.000
22/12/2006;07:53:00;2.896;0.000;238.120;12.200;0.000;0.000;17.000
22/12/2006;07:54:00;2.912;0.000;239.180;12.200;0.000;0.000;18.000
22/12/2006;07:55:00;2.978;0.000;240.280;12.400;0.000;0.000;17.000
22/12/2006;07:56:00;2.984;0.000;238.110;12.400;0.000;0.000;18.000
22/12/2006;07:57:00;2.942;0.000;240.400;12.200;0.000;0.000;18.000
22/12/2006;07:58:00;2.960;0.000;241.570;12.200;0.000;0.000;17.000
22/12/2006;07:59:00;2.932;0.000;241.160;12.000;0.000;0.000;18.000
22/12/2006;08:00:00;3.004;0.000;240.730;12.400;0.000;0.000;18.000
22/12/2006;08:01:00;3.278;0.000;239.860;13.800;0.000;0.000;18.000
22/12/2006;08:02:00;4.282;0.058;238.440;17.800;0.000;0.000;17.000
22/12/2006;08:03:00;4.190;0.140;238.720;17.600;0.000;1.000;18.000
22/12/2006;08:04:00;2.916;0.154;240.240;12.000;0.000;1.000;17.000
22/12/2006;08:05:00;2.948;0.158;239.550;12.200;0.000;2.000;18.000
22/12/2006;08:06:00;3.162;0.148;239.300;13.200;0.000;1.000;17.000
22/12/2006;08:07:00;3.250;0.158;240.250;13.400;0.000;1.000;18.000
22/12/2006;08:08:00;3.282;0.178;239.010;13.600;1.000;2.000;18.000
22/12/2006;08:09:00;2.968;0.136;239.080;12.400;1.000;1.000;17.000
22/12/2006;08:10:00;3.594;0.332;238.410;15.200;1.000;2.000;18.000
22/12/2006;08:11:00;3.190;0.204;237.710;13.400;1.000;1.000;17.000
22/12/2006;08:12:00;3.200;0.212;238.900;13.400;1.000;1.000;17.000
22/12/2006;08:13:00;3.136;0.216;239.670;13.000;1.000;2.000;18.000
22/12/2006;08:14:00;2.956;0.218;239.370;12.400;1.000;1.000;18.000
22/12/2006;08:15:00;2.548;0.278;240.210;10.800;1.000;1.000;17.000
22/12/2006;08:16:00;2.056;0.340;241.470;8.600;1.000;2.000;18.000
22/12/2006;08:17:00;2.012;0.232;241.870;8.200;1.000;1.000;18.000
22/12/2006;08:18:00;2.016;0.232;241.910;8.400;1.000;1.000;18.000
22/12/2006;08:19:00;2.012;0.234;242.050;8.200;1.000;2.000;18.000
22/12/2006;08:20:00;2.010;0.228;241.410;8.200;2.000;1.000;18.000
22/12/2006;08:21:00;3.692;0.208;239.220;15.800;27.000;1.000;17.000
22/12/2006;08:22:00;4.196;0.200;238.480;17.600;38.000;1.000;18.000
22/12/2006;08:23:00;4.220;0.206;239.370;17.600;39.000;2.000;17.000
22/12/2006;08:24:00;4.202;0.148;240.050;17.400;38.000;1.000;18.000
22/12/2006;08:25:00;4.158;0.076;240.340;17.200;39.000;1.000;18.000
22/12/2006;08:26:00;4.098;0.000;239.880;17.000;38.000;1.000;17.000
22/12/2006;08:27:00;4.066;0.046;239.930;16.800;39.000;0.000;18.000
22/12/2006;08:28:00;4.088;0.000;240.560;17.000;38.000;0.000;18.000
22/12/2006;08:29:00;4.126;0.000;239.810;17.200;39.000;0.000;17.000
22/12/2006;08:30:00;4.124;0.056;239.070;17.200;38.000;0.000;18.000
22/12/2006;08:31:00;4.080;0.050;237.710;17.000;38.000;0.000;17.000
22/12/2006;08:32:00;4.072;0.050;237.640;17.000;38.000;0.000;17.000
22/12/2006;08:33:00;3.476;0.056;238.380;15.000;30.000;0.000;18.000
22/12/2006;08:34:00;1.910;0.074;240.440;7.800;1.000;0.000;17.000
22/12/2006;08:35:00;1.904;0.072;240.360;7.800;1.000;0.000;18.000
22/12/2006;08:36:00;1.914;0.074;241.000;7.800;1.000;0.000;18.000
22/12/2006;08:37:00;1.894;0.056;240.930;7.800;2.000;0.000;18.000
22/12/2006;08:38:00;2.462;0.000;241.120;11.000;9.000;0.000;18.000
22/12/2006;08:39:00;4.054;0.046;239.590;16.800;38.000;0.000;17.000
22/12/2006;08:40:00;4.026;0.048;238.380;16.800;38.000;0.000;18.000
22/12/2006;08:41:00;4.016;0.048;238.350;16.800;38.000;0.000;17.000
22/12/2006;08:42:00;3.150;0.000;239.040;13.800;26.000;0.000;17.000
22/12/2006;08:43:00;1.718;0.000;240.560;7.000;1.000;0.000;18.000
22/12/2006;08:44:00;1.520;0.000;241.720;6.200;1.000;0.000;18.000
22/12/2006;08:45:00;1.466;0.000;242.630;6.000;1.000;0.000;18.000
22/12/2006;08:46:00;1.450;0.000;243.190;5.800;2.000;0.000;18.000
22/12/2006;08:47:00;1.360;0.000;242.450;5.600;1.000;0.000;18.000
22/12/2006;08:48:00;1.348;0.000;242.100;5.400;1.000;0.000;18.000
22/12/2006;08:49:00;1.346;0.000;242.330;5.400;1.000;0.000;18.000
22/12/2006;08:50:00;1.432;0.060;242.640;5.800;1.000;0.000;18.000
22/12/2006;08:51:00;1.466;0.118;242.550;6.000;2.000;0.000;18.000
22/12/2006;08:52:00;1.460;0.116;242.330;6.000;1.000;0.000;18.000
22/12/2006;08:53:00;1.458;0.118;242.360;6.000;1.000;0.000;18.000
22/12/2006;08:54:00;1.452;0.116;242.420;6.000;1.000;0.000;18.000
22/12/2006;08:55:00;1.446;0.116;242.250;6.000;1.000;0.000;18.000
22/12/2006;08:56:00;1.458;0.118;242.760;6.000;2.000;0.000;18.000
22/12/2006;08:57:00;1.456;0.118;242.790;6.000;1.000;0.000;18.000
22/12/2006;08:58:00;1.448;0.116;242.170;6.000;1.000;0.000;18.000
22/12/2006;08:59:00;1.442;0.116;241.960;6.000;1.000;0.000;18.000
22/12/2006;09:00:00;1.440;0.116;242.280;5.800;2.000;0.000;18.000
22/12/2006;09:01:00;1.450;0.118;242.720;6.000;1.000;0.000;18.000
22/12/2006;09:02:00;1.446;0.116;242.320;6.000;1.000;0.000;18.000
22/12/2006;09:03:00;1.444;0.114;241.960;6.000;1.000;0.000;18.000
22/12/2006;09:04:00;1.444;0.118;241.980;6.000;1.000;0.000;18.000
22/12/2006;09:05:00;1.378;0.000;241.900;5.600;2.000;0.000;18.000
22/12/2006;09:06:00;1.346;0.000;242.230;5.400;1.000;0.000;18.000
22/12/2006;09:07:00;1.346;0.000;241.460;5.400;1.000;0.000;18.000
22/12/2006;09:08:00;1.340;0.000;241.150;5.400;1.000;0.000;17.000
22/12/2006;09:09:00;1.340;0.000;240.880;5.400;2.000;0.000;18.000
22/12/2006;09:10:00;1.326;0.000;240.170;5.400;1.000;0.000;18.000
22/12/2006;09:11:00;1.332;0.000;240.730;5.400;1.000;0.000;18.000
22/12/2006;09:12:00;1.338;0.000;241.270;5.400;1.000;0.000;17.000
22/12/2006;09:13:00;1.348;0.000;240.960;5.600;1.000;0.000;18.000
22/12/2006;09:14:00;1.368;0.066;240.950;5.600;1.000;0.000;18.000
22/12/2006;09:15:00;1.386;0.108;240.300;5.800;1.000;0.000;18.000
22/12/2006;09:16:00;1.384;0.094;240.170;5.800;1.000;0.000;17.000
22/12/2006;09:17:00;1.404;0.084;239.590;5.800;1.000;0.000;18.000
22/12/2006;09:18:00;1.422;0.086;240.780;5.800;2.000;0.000;18.000
22/12/2006;09:19:00;1.408;0.080;240.480;5.800;1.000;0.000;17.000
22/12/2006;09:20:00;1.392;0.074;239.030;5.800;1.000;0.000;18.000
22/12/2006;09:21:00;1.388;0.074;239.520;5.800;1.000;0.000;18.000
22/12/2006;09:22:00;1.382;0.066;239.340;5.800;2.000;0.000;17.000
22/12/2006;09:23:00;1.314;0.000;238.510;5.400;1.000;0.000;18.000
22/12/2006;09:24:00;1.300;0.000;237.970;5.400;1.000;0.000;17.000
22/12/2006;09:25:00;1.292;0.000;238.850;5.400;1.000;0.000;17.000
22/12/2006;09:26:00;1.332;0.000;239.780;5.400;1.000;0.000;18.000
22/12/2006;09:27:00;1.322;0.000;239.180;5.400;1.000;0.000;17.000
22/12/2006;09:28:00;1.312;0.000;238.330;5.400;2.000;0.000;18.000
22/12/2006;09:29:00;1.310;0.000;238.200;5.400;1.000;0.000;17.000
22/12/2006;09:30:00;1.340;0.000;239.230;5.600;1.000;0.000;18.000
22/12/2006;09:31:00;1.428;0.104;239.230;6.000;1.000;0.000;17.000
22/12/2006;09:32:00;1.432;0.108;240.210;6.000;1.000;0.000;18.000
22/12/2006;09:33:00;1.430;0.132;240.050;6.000;2.000;0.000;18.000
22/12/2006;09:34:00;1.390;0.130;239.370;5.800;0.000;0.000;17.000
22/12/2006;09:35:00;1.422;0.114;239.110;5.800;1.000;0.000;18.000
22/12/2006;09:36:00;3.488;0.082;237.030;14.800;34.000;0.000;17.000
22/12/2006;09:37:00;3.614;0.084;238.000;15.000;38.000;0.000;17.000
22/12/2006;09:38:00;3.610;0.084;237.810;15.000;38.000;0.000;18.000
22/12/2006;09:39:00;3.598;0.082;237.480;15.000;38.000;0.000;17.000
22/12/2006;09:40:00;3.598;0.082;237.450;15.000;38.000;0.000;17.000
22/12/2006;09:41:00;3.614;0.086;238.230;15.000;38.000;0.000;18.000
22/12/2006;09:42:00;3.616;0.086;238.420;15.000;38.000;0.000;17.000
22/12/2006;09:43:00;3.598;0.084;238.040;15.000;37.000;0.000;17.000
22/12/2006;09:44:00;3.596;0.084;237.540;15.000;38.000;0.000;18.000
22/12/2006;09:45:00;3.594;0.076;237.610;15.000;38.000;0.000;17.000
22/12/2006;09:46:00;3.500;0.000;237.480;14.600;38.000;0.000;17.000
22/12/2006;09:47:00;3.492;0.000;237.550;14.600;37.000;0.000;17.000
22/12/2006;09:48:00;3.492;0.000;237.580;14.600;38.000;0.000;18.000
22/12/2006;09:49:00;3.494;0.000;237.730;14.600;37.000;0.000;17.000
22/12/2006;09:50:00;3.062;0.000;237.300;13.400;33.000;0.000;17.000
22/12/2006;09:51:00;1.262;0.000;239.600;5.200;0.000;0.000;18.000
